labels 2 3 1
3 0.294821 0.487213 0.217966
2 0.838614 0.157204 0.00418159
2 0.655276 0.0543429 0.290381
2 0.732149 0.205533 0.0623183
3 0.220511 0.411963 0.367526
2 0.596798 0.117597 0.285605
1 0.382855 0.112236 0.504909
3 0.0825927 0.77934 0.138067
3 0.0624336 0.619972 0.317595
3 0.139146 0.784091 0.0767632
3 0.0130686 0.566964 0.419968
1 0.0958518 0.0336091 0.870539
3 0.0469971 0.913165 0.0398384
3 0.135933 0.71963 0.144437
1 0.0832044 0.117362 0.799434
3 0.0157889 0.576822 0.407389
1 0.0146307 0.12896 0.856409
1 0.00866975 0.302374 0.688957
1 0.0994805 0.39576 0.504759
1 0.152391 0.341882 0.505727
2 0.589537 0.0842575 0.326205
3 0.0319341 0.630361 0.337705
3 0.0222388 0.884467 0.0932942
3 0.0516238 0.800203 0.148173
3 0.0651386 0.74898 0.185881
3 0.0800904 0.814763 0.105147
3 0.0155064 0.906452 0.0780415
3 0.0576634 0.825348 0.116989
3 0.0244992 0.926957 0.0485436
3 0.0229009 0.904328 0.0727712
3 0.045683 0.884559 0.0697583
3 0.0659472 0.886543 0.0475103
3 0.0175565 0.963563 0.0188806
3 0.0277561 0.90391 0.0683344
3 0.080672 0.843059 0.076269
3 0.0394718 0.658178 0.302351
3 0.0369836 0.880642 0.0823746
3 0.0347429 0.91193 0.0533276
3 0.0610868 0.867295 0.071618
3 0.0524269 0.823031 0.124543
3 0.101549 0.772883 0.125568
3 0.0160902 0.717882 0.266027
3 0.0425504 0.905368 0.0520813
3 0.0226203 0.947597 0.0297831
3 0.012304 0.962086 0.0256102
3 0.0434201 0.937708 0.0188719
3 0.0452592 0.882995 0.0717455
3 0.0363909 0.895746 0.0678626
3 0.0563684 0.890592 0.0530391
3 0.0508003 0.859788 0.0894122
3 0.0374012 0.791726 0.170872
3 0.0353295 0.899392 0.0652788
3 0.0416311 0.895766 0.0626032
3 0.0457843 0.881113 0.0731029
3 0.0654862 0.85458 0.0799338
3 0.0654862 0.85458 0.0799338
3 0.0483709 0.799897 0.151732
3 0.0495691 0.894802 0.0556291
3 0.0352971 0.918283 0.0464198
3 0.163482 0.667301 0.169217
3 0.0395311 0.880101 0.0803682
3 0.0287278 0.89849 0.0727821
3 0.0446084 0.844975 0.110417
3 0.0568002 0.776752 0.166448
3 0.0208888 0.907056 0.0720556
3 0.0240949 0.877518 0.0983871
3 0.0604366 0.853544 0.0860194
3 0.0597527 0.811562 0.128685
3 0.0261658 0.909688 0.0641466
3 0.0314641 0.938589 0.0299467
3 0.0417078 0.945358 0.0129338
3 0.070957 0.875017 0.0540256
3 0.0373234 0.942171 0.0205057
3 0.033641 0.8544 0.111959
3 0.00627726 0.541323 0.4524
3 0.0484221 0.815415 0.136163
3 0.0425726 0.882838 0.0745897
3 0.0439212 0.821137 0.134942
3 0.0665468 0.86231 0.0711429
3 0.0399372 0.915241 0.0448222
3 0.0239874 0.948739 0.0272741
3 0.0523671 0.871514 0.0761194
3 0.055865 0.898815 0.0453196
3 0.0215118 0.96391 0.0145786
3 0.0346337 0.938028 0.0273383
3 0.0171682 0.88258 0.100251
3 0.0489329 0.839019 0.112048
3 0.047187 0.858378 0.0944346
3 0.0742585 0.829489 0.096252
3 0.0742585 0.829489 0.096252
3 0.0271148 0.79123 0.181655
3 0.0597501 0.848219 0.0920313
3 0.0232857 0.772789 0.203925
3 0.0607361 0.902073 0.0371911
3 0.0588037 0.898385 0.0428114
3 0.0698868 0.825778 0.104335
3 0.0809749 0.862735 0.0562906
3 0.021963 0.915567 0.0624703
3 0.0500977 0.863229 0.0866728
3 0.0168262 0.961167 0.0220069
3 0.0153672 0.940394 0.0442389
3 0.0406135 0.888514 0.0708727
3 0.0148082 0.904906 0.0802858
3 0.0225832 0.950181 0.0272359
3 0.0422156 0.8965 0.0612844
3 0.069259 0.758187 0.172555
3 0.033035 0.884608 0.082357
3 0.0141012 0.940751 0.0451475
3 0.0305328 0.842399 0.127068
3 0.0560691 0.85627 0.0876609
3 0.0730654 0.865006 0.061929
3 0.0152682 0.942158 0.0425736
3 0.0453763 0.903484 0.0511398
3 0.0777785 0.842438 0.0797838
3 0.0339073 0.939328 0.0267651
3 0.0441703 0.925065 0.0307643
3 0.0533044 0.882001 0.0646945
3 0.0412147 0.875281 0.083504
3 0.0308489 0.792951 0.1762
3 0.0310388 0.798409 0.170552
3 0.0318217 0.845549 0.122629
3 0.0455084 0.801916 0.152576
3 0.0250627 0.848655 0.126282
3 0.0548842 0.825381 0.119735
3 0.0352183 0.838529 0.126253
3 0.0381827 0.813563 0.148254
3 0.0467069 0.879799 0.0734941
3 0.046731 0.861631 0.0916379
3 0.0435137 0.872066 0.0844203
3 0.0482061 0.933674 0.0181196
3 0.136869 0.753594 0.109537
3 0.0456873 0.849912 0.104401
3 0.0698532 0.843118 0.087029
3 0.108908 0.867715 0.0233772
3 0.0418073 0.894284 0.063909
3 0.0397666 0.872797 0.0874364
3 0.0419921 0.831203 0.126805
3 0.0856357 0.816544 0.0978201
3 0.0462812 0.859991 0.0937273
3 0.0635596 0.912692 0.023748
3 0.0133984 0.896758 0.0898436
3 0.0521816 0.899447 0.0483719
3 0.0521816 0.899447 0.0483719
3 0.0338375 0.900075 0.0660875
1 0.0807985 0.132343 0.786859
1 0.0821065 0.320611 0.597283
1 0.259188 0.176611 0.564202
1 0.306713 0.206145 0.487141
1 0.32729 0.146005 0.526705
1 0.0475984 0.117918 0.834484
1 0.0681847 0.0473805 0.884435
1 0.0455849 0.04664 0.907775
3 0.0631588 0.627462 0.309379
1 0.177583 0.163157 0.659259
3 0.0499988 0.686509 0.263492
1 0.115758 0.189275 0.694967
1 0.0171517 0.42381 0.559039
2 0.574365 0.107859 0.317776
3 0.0114757 0.506648 0.481876
1 0.0515178 0.410261 0.538221
3 0.227853 0.434592 0.337554
3 0.213197 0.645598 0.141205
3 0.041726 0.714458 0.243816
1 0.0824271 0.162822 0.754751
1 0.3028 0.261577 0.435623
1 0.115668 0.0264027 0.857929
1 0.145784 0.13159 0.722626
3 0.0185295 0.767125 0.214345
1 0.156601 0.105273 0.738127
3 0.0273133 0.712527 0.260159
3 0.0345313 0.822483 0.142986
3 0.0288801 0.818587 0.152533
3 0.0736719 0.834786 0.0915425
3 0.0359189 0.90249 0.0615907
3 0.0345602 0.827373 0.138067
3 0.035118 0.923187 0.0416946
3 0.0521048 0.834996 0.112899
3 0.0974292 0.772679 0.129892
3 0.0584141 0.872447 0.0691389
3 0.0478823 0.855535 0.0965826
3 0.0401464 0.837006 0.122848
3 0.0622506 0.877945 0.0598048
3 0.0785543 0.793657 0.127789
3 0.0446407 0.878878 0.0764808
3 0.0308617 0.892373 0.0767657
3 0.0510195 0.854027 0.094954
3 0.0349186 0.848 0.117082
3 0.0988328 0.765747 0.13542
3 0.0261918 0.847765 0.126044
3 0.0442831 0.837984 0.117733
3 0.0494306 0.845206 0.105363
3 0.0375972 0.906658 0.055745
3 0.0407136 0.874581 0.0847056
3 0.0505314 0.870658 0.0788102
3 0.0305917 0.897964 0.0714447
3 0.0616224 0.848159 0.0902182
3 0.0576182 0.886808 0.0555734
3 0.0227525 0.909409 0.067839
3 0.0396008 0.837656 0.122743
3 0.0993555 0.801326 0.0993186
3 0.0332251 0.787703 0.179072
3 0.0476971 0.841375 0.110928
3 0.0203031 0.893276 0.0864213
3 0.0878686 0.810134 0.101998
3 0.0701008 0.817136 0.112763
3 0.072334 0.780643 0.147023
3 0.0528044 0.833445 0.11375
3 0.0475911 0.862154 0.0902547
3 0.0722518 0.852007 0.0757408
3 0.0427928 0.898176 0.0590314
3 0.0714403 0.830428 0.0981316
3 0.0718721 0.792314 0.135814
3 0.0509999 0.812872 0.136128
3 0.0346602 0.911797 0.0535425
3 0.0497341 0.895687 0.0545791
3 0.0174091 0.927189 0.0554017
3 0.0769935 0.840841 0.082165
3 0.0489705 0.871813 0.0792165
3 0.0557035 0.882622 0.0616742
3 0.0473325 0.90351 0.0491578
3 0.0348251 0.924453 0.0407221
3 0.0920417 0.8401 0.0678583
3 0.0266296 0.881487 0.0918833
3 0.0305962 0.829752 0.139652
3 0.0438836 0.837772 0.118344
3 0.0400184 0.879254 0.0807273
3 0.0263258 0.897561 0.0761129
3 0.0405468 0.882522 0.0769313
3 0.0498399 0.883577 0.0665832
3 0.0562967 0.827324 0.116379
3 0.0285377 0.909569 0.0618933
3 0.0308406 0.923279 0.04588
3 0.0498903 0.860146 0.0899638
3 0.0432412 0.911251 0.0455077
3 0.0583392 0.856287 0.0853736
3 0.0538349 0.815863 0.130302
3 0.0998259 0.817642 0.0825324
3 0.0519499 0.812715 0.135335
3 0.0674491 0.853131 0.0794203
3 0.0314098 0.916326 0.0522645
3 0.049365 0.863218 0.087417
3 0.052176 0.835269 0.112555
3 0.0351544 0.888598 0.0762479
3 0.031227 0.883178 0.0855953
3 0.0497347 0.868342 0.0819233
3 0.167429 0.773782 0.0587886
1 0.419092 0.127263 0.453645
1 0.0226736 0.362004 0.615322
1 0.37937 0.14219 0.47844
1 0.0434492 0.085914 0.870637
1 0.323768 0.0359046 0.640328
1 0.0476812 0.0206395 0.931679
1 0.0456813 0.019784 0.934535
1 0.0986223 0.0975338 0.803844
1 0.412638 0.117654 0.469707
3 0.327196 0.533837 0.138967
3 0.204589 0.61038 0.185032
2 0.914485 0.0381475 0.0473673
1 0.130887 0.146542 0.722571
1 0.0266017 0.371871 0.601527
1 0.169721 0.272275 0.558004
1 0.0288099 0.483115 0.488075
3 0.0446887 0.714547 0.240764
1 0.0684458 0.278218 0.653336
3 0.0642865 0.790131 0.145583
3 0.0240659 0.834187 0.141747
3 0.0606546 0.845251 0.0940948
3 0.00842398 0.820334 0.171242
1 0.0650815 0.154121 0.780798
3 0.0335972 0.907581 0.0588214
3 0.190563 0.699502 0.109935
3 0.0462805 0.919079 0.0346409
3 0.0247239 0.904932 0.070344
3 0.00499465 0.606685 0.38832
3 0.00962358 0.883787 0.10659
3 0.0507948 0.855045 0.0941603
3 0.0591228 0.806455 0.134422
3 0.160794 0.577808 0.261398
3 0.00887657 0.836342 0.154781
3 0.0246193 0.930439 0.0449417
3 0.0977271 0.807341 0.0949323
3 0.0647344 0.710496 0.22477
3 0.0176194 0.76887 0.21351
3 0.0417386 0.874669 0.083592
3 0.0578062 0.852084 0.0901096
3 0.0637163 0.86706 0.0692237
3 0.0445899 0.913925 0.0414856
3 0.00915104 0.952268 0.0385811
3 0.022993 0.961458 0.0155494
3 0.0210768 0.923138 0.0557856
3 0.0633476 0.870251 0.0664012
3 0.0394132 0.839353 0.121234
3 0.0482085 0.892794 0.0589975
3 0.0679392 0.860982 0.0710786
3 0.0282922 0.939916 0.0317919
3 0.0143437 0.949684 0.0359728
3 0.0158556 0.965345 0.0187995
3 0.0416254 0.920457 0.0379179
3 0.00730516 0.935777 0.0569176
3 0.0178219 0.970108 0.0120703
3 0.0693214 0.872186 0.0584921
3 0.0140613 0.960289 0.0256493
3 0.0258284 0.950453 0.0237188
3 0.0540286 0.898581 0.0473902
3 0.0236891 0.890375 0.0859356
3 0.045694 0.91694 0.0373656
1 0.0788601 0.404215 0.516925
3 0.0280998 0.701538 0.270362
3 0.025884 0.56095 0.413166
3 0.0254794 0.887233 0.0872873
3 0.0113189 0.973241 0.0154403
3 0.0472529 0.930914 0.0218333
3 0.0570287 0.734904 0.208068
3 0.0395026 0.807244 0.153254
3 0.0833844 0.886712 0.0299038
3 0.0812706 0.880694 0.0380359
3 0.02824 0.774423 0.197337
3 0.0803273 0.866424 0.0532492
3 0.0542134 0.894148 0.0516384
3 0.00972436 0.927718 0.0625578
3 0.0250468 0.851629 0.123324
3 0.0169198 0.916442 0.0666379
3 0.0245586 0.944972 0.0304697
3 0.0113145 0.599404 0.389281
3 0.0219205 0.823291 0.154789
3 0.0355873 0.887845 0.0765681
3 0.0203219 0.756214 0.223464
3 0.0141028 0.813999 0.171899
3 0.0164703 0.862491 0.121038
3 0.0348292 0.896404 0.0687667
3 0.0689649 0.83475 0.0962852
3 0.0226716 0.839493 0.137835
3 0.0335349 0.793147 0.173318
3 0.0607272 0.574014 0.365259
3 0.0607272 0.574014 0.365259
3 0.0287681 0.816314 0.154918
3 0.0356135 0.781201 0.183185
3 0.0356135 0.781201 0.183185
3 0.0508713 0.87287 0.0762587
3 0.0247514 0.822292 0.152956
3 0.0324309 0.771575 0.195994
3 0.0187987 0.893685 0.0875166
3 0.0133276 0.908067 0.0786059
3 0.0269132 0.894774 0.0783127
3 0.0123239 0.972767 0.0149092
3 0.0336761 0.841351 0.124973
3 0.0478364 0.895914 0.0562493
3 0.0121874 0.978961 0.00885152
3 0.0110998 0.958611 0.0302894
3 0.00525802 0.925984 0.0687582
3 0.0900377 0.890086 0.0198763
3 0.0211386 0.821246 0.157615
3 0.0371391 0.855994 0.106867
3 0.0346906 0.881602 0.0837074
3 0.0346906 0.881602 0.0837074
3 0.0146041 0.82187 0.163526
3 0.013316 0.961057 0.0256267
3 0.0429125 0.917277 0.0398106
3 0.0726021 0.878822 0.0485756
3 0.0179746 0.819695 0.16233
3 0.0575567 0.894084 0.0483598
3 0.0445609 0.889639 0.0657998
3 0.0263898 0.928526 0.0450841
3 0.0790959 0.850843 0.0700614
3 0.0286418 0.949669 0.021689
3 0.060186 0.889994 0.0498196
3 0.00399685 0.982246 0.0137571
3 0.0484031 0.83119 0.120407
3 0.0290021 0.801228 0.16977
3 0.0315245 0.866933 0.101542
3 0.0184388 0.796407 0.185154
3 0.0210679 0.725099 0.253833
3 0.0616351 0.910113 0.0282518
3 0.0141068 0.897311 0.0885819
3 0.0418224 0.916601 0.0415763
3 0.0474991 0.822009 0.130492
3 0.0360684 0.899157 0.064775
3 0.0405316 0.91765 0.041818
3 0.172674 0.615313 0.212013
3 0.0822334 0.869836 0.0479308
3 0.00876303 0.960843 0.0303936
3 0.0544869 0.900047 0.045466
3 0.0257278 0.923775 0.050497
3 0.0139038 0.925864 0.0602319
3 0.00991354 0.765587 0.2245
3 0.0223143 0.931798 0.0458881
3 0.034641 0.833775 0.131584
3 0.0366128 0.913715 0.0496727
3 0.0243368 0.879371 0.0962927
3 0.02457 0.864416 0.111014
3 0.0202385 0.862508 0.117254
3 0.0528082 0.880458 0.0667339
3 0.118832 0.750438 0.13073
3 0.0393008 0.92151 0.0391888
3 0.0053589 0.975396 0.0192454
3 0.0327361 0.921081 0.0461826
3 0.0445188 0.902775 0.0527063
3 0.0139019 0.957883 0.0282153
3 0.00623833 0.940545 0.0532167
3 0.039027 0.916928 0.0440449
3 0.0187208 0.909504 0.0717752
3 0.0429267 0.869969 0.0871045
3 0.0117264 0.957159 0.0311146
3 0.0448772 0.865437 0.0896854
3 0.028419 0.954922 0.0166586
3 0.0185075 0.922948 0.0585446
3 0.0329181 0.796092 0.17099
3 0.0118972 0.892407 0.0956958
3 0.0324532 0.948914 0.0186326
3 0.00729107 0.912626 0.0800832
3 0.038191 0.91482 0.0469885
3 0.00626388 0.911849 0.0818873
3 0.00967842 0.935068 0.0552538
3 0.0128579 0.954701 0.0324413
3 0.0411782 0.91764 0.0411816
3 0.00953785 0.879461 0.111001
3 0.0776789 0.868129 0.0541917
3 0.0245726 0.947511 0.0279159
3 0.0165947 0.94785 0.0355556
3 0.0111187 0.854833 0.134048
3 0.00921144 0.955494 0.0352942
3 0.0180387 0.952724 0.0292372
3 0.0377064 0.863586 0.0987072
3 0.0344811 0.927303 0.0382158
3 0.0352383 0.898076 0.066686
3 0.040178 0.916096 0.0437263
3 0.0212384 0.889583 0.0891785
3 0.0598877 0.888841 0.0512712
3 0.0633182 0.861453 0.0752289
3 0.0302204 0.816992 0.152788
3 0.00865817 0.932746 0.0585959
3 0.0127463 0.916543 0.0707105
3 0.0656802 0.83495 0.0993697
3 0.0285861 0.938088 0.0333255
3 0.0178345 0.918582 0.0635836
3 0.0627668 0.89493 0.0423034
3 0.0205645 0.966342 0.0130933
3 0.0446289 0.913524 0.041847
3 0.0145152 0.94685 0.0386351
3 0.0154939 0.950071 0.0344352
3 0.0227965 0.926801 0.050402
3 0.00932091 0.946411 0.044268
3 0.0322204 0.946919 0.0208609
3 0.0229349 0.956539 0.020526
3 0.0100088 0.648758 0.341233
3 0.0818415 0.883788 0.034371
3 0.0103468 0.928991 0.0606619
3 0.0483169 0.907245 0.0444385
3 0.0307137 0.83748 0.131806
3 0.0228583 0.922825 0.0543165
3 0.0159699 0.927864 0.056166
3 0.0235276 0.933598 0.0428745
3 0.0547225 0.89999 0.0452876
3 0.0743585 0.763316 0.162326
3 0.066864 0.882176 0.0509597
3 0.0404048 0.907264 0.0523317
3 0.0378235 0.916805 0.0453719
3 0.0512053 0.917213 0.0315815
3 0.146081 0.796264 0.0576557
3 0.0493689 0.858325 0.092306
3 0.0444738 0.906614 0.048912
3 0.0102514 0.952315 0.0374339
3 0.0290084 0.904436 0.0665558
3 0.0251998 0.93195 0.0428506
3 0.0358196 0.908981 0.0551989
3 0.0276871 0.85721 0.115103
3 0.0142001 0.72601 0.25979
3 0.0296682 0.916561 0.0537705
3 0.0467481 0.855709 0.0975427
3 0.0807289 0.840749 0.0785225
3 0.0465366 0.745142 0.208322
3 0.0759643 0.73925 0.184786
3 0.0308097 0.803919 0.165271
3 0.0674179 0.864065 0.0685172
3 0.0442707 0.84588 0.109849
3 0.0104573 0.907286 0.0822569
3 0.0145461 0.759816 0.225637
3 0.00727121 0.968177 0.0245513
3 0.0126385 0.975473 0.0118885
3 0.00891178 0.911547 0.0795412
3 0.0258118 0.889746 0.0844425
3 0.0537209 0.879718 0.0665608
3 0.0679197 0.881828 0.0502522
3 0.0414323 0.907411 0.0511566
3 0.0115176 0.970962 0.0175204
3 0.0314668 0.918768 0.0497654
3 0.0161673 0.879715 0.104118
3 0.00941223 0.949218 0.0413698
3 0.026422 0.913626 0.0599522
3 0.0286801 0.926623 0.0446967
3 0.0154503 0.973469 0.0110809
3 0.012263 0.598371 0.389366
3 0.0229818 0.956793 0.0202247
3 0.0187293 0.941992 0.0392784
3 0.0250794 0.889618 0.0853031
3 0.0315512 0.834618 0.133831
3 0.0403725 0.923664 0.0359633
3 0.040514 0.881664 0.0778224
3 0.01601 0.847606 0.136384
3 0.00515917 0.979554 0.0152867
3 0.0212669 0.935461 0.0432724
3 0.025324 0.829331 0.145345
3 0.0103798 0.962132 0.0274884
3 0.0424939 0.897837 0.0596695
3 0.0167722 0.739521 0.243707
3 0.00773005 0.606688 0.385582
3 0.0133664 0.956169 0.0304644
3 0.0476615 0.88174 0.0705981
3 0.0417788 0.94605 0.0121707
3 0.00901863 0.956178 0.0348038
3 0.0307326 0.922908 0.0463593
3 0.00579031 0.930941 0.0632685
3 0.00776916 0.895024 0.0972073
3 0.0144884 0.923961 0.061551
3 0.0144983 0.598952 0.38655
3 0.0114437 0.966079 0.0224776
3 0.0232937 0.89195 0.0847568
3 0.0616652 0.906351 0.0319835
3 0.0178635 0.831813 0.150323
3 0.0216175 0.961672 0.0167105
3 0.0184708 0.962287 0.0192421
3 0.0205129 0.921022 0.0584654
3 0.0352673 0.892162 0.0725705
3 0.0156862 0.927152 0.0571613
3 0.0206616 0.922206 0.0571326
3 0.0236966 0.907963 0.0683407
3 0.0196981 0.966175 0.0141266
3 0.0234689 0.963033 0.0134976
3 0.00839765 0.827975 0.163628
3 0.0392897 0.91453 0.0461801
3 0.0460202 0.891495 0.0624851
3 0.027334 0.784577 0.188089
3 0.0300835 0.889607 0.0803094
3 0.119953 0.833704 0.0463426
3 0.0375791 0.913899 0.0485221
3 0.0319777 0.74 0.228023
3 0.312495 0.50754 0.179964
3 0.0419795 0.899359 0.0586618
3 0.112875 0.821478 0.0656471
3 0.0445445 0.882033 0.0734222
3 0.0214158 0.961499 0.0170849
3 0.0484027 0.9244 0.0271971
3 0.0368906 0.877393 0.0857169
3 0.0429263 0.910594 0.0464802
3 0.0302072 0.913964 0.0558284
3 0.0171056 0.8363 0.146595
3 0.0252674 0.897714 0.0770187
3 0.290516 0.600714 0.10877
3 0.0243787 0.778277 0.197345
3 0.0222434 0.809679 0.168078
3 0.0334765 0.915964 0.0505598
3 0.0376381 0.846838 0.115524
3 0.0105362 0.895948 0.0935158
3 0.0179434 0.941499 0.0405579
3 0.100835 0.867811 0.0313534
3 0.0113451 0.966394 0.0222608
3 0.0621588 0.90574 0.0321014
3 0.0162308 0.929849 0.05392
3 0.088428 0.83493 0.0766419
3 0.0206766 0.69076 0.288564
3 0.0124154 0.752209 0.235376
3 0.0132903 0.814548 0.172162
3 0.0235999 0.882839 0.0935607
3 0.0297217 0.839396 0.130883
3 0.0217764 0.974857 0.00336634
3 0.0268121 0.922796 0.0503915
3 0.0202715 0.936326 0.0434021
3 0.0228707 0.951304 0.0258256
3 0.0689924 0.864525 0.0664822
3 0.047661 0.909975 0.0423642
3 0.0986176 0.858637 0.0427455
3 0.0110454 0.779596 0.209358
3 0.0343879 0.716354 0.249258
3 0.0710803 0.836152 0.0927679
3 0.0567243 0.855162 0.0881137
3 0.189117 0.724817 0.0860665
3 0.0272629 0.797553 0.175184
1 0.0105943 0.0263516 0.963054
1 0.0232215 0.209129 0.767649
1 0.0900318 0.0713889 0.838579
3 0.0660645 0.503856 0.430079
1 0.0560344 0.0377731 0.906192
1 0.127096 0.157412 0.715492
1 0.00494576 0.449945 0.545109
1 0.00158599 0.00983061 0.988583
1 0.0403923 0.317434 0.642174
1 0.0166368 0.0896432 0.89372
1 0.0240659 0.00730043 0.968634
1 0.0816549 0.0193467 0.898998
1 0.116414 0.0277839 0.855802
1 0.0321518 0.0171788 0.950669
1 0.0950534 0.0980846 0.806862
1 0.0144947 0.074147 0.911358
1 0.0144947 0.074147 0.911358
1 0.0146797 0.237938 0.747382
1 0.0155337 0.436082 0.548385
1 0.0548892 0.123149 0.821962
1 0.0635494 0.155069 0.781382
1 0.0416652 0.0906162 0.867719
1 0.0734472 0.0603751 0.866178
1 0.0603433 0.0162664 0.92339
1 0.0317043 0.384594 0.583702
3 0.055874 0.735468 0.208658
3 0.103849 0.781331 0.11482
1 0.107357 0.0390969 0.853546
1 0.0147187 0.487535 0.497747
1 0.0265468 0.0262244 0.947229
1 0.0829664 0.036875 0.880159
3 0.050501 0.927013 0.0224865
2 0.752107 0.0822285 0.165664
1 0.423578 0.0153991 0.561023
2 0.527296 0.181083 0.291621
3 0.0809301 0.844421 0.0746489
2 0.710933 0.254361 0.0347067
1 0.44549 0.0558378 0.498672
3 0.112698 0.668915 0.218386
2 0.901461 0.0218144 0.0767241
2 0.845883 0.0142233 0.139894
3 0.373193 0.430487 0.19632
3 0.204506 0.401413 0.394081
1 0.404734 0.137308 0.457959
1 0.398369 0.134883 0.466748
1 0.375156 0.0170135 0.60783
3 0.100177 0.792359 0.107464
2 0.859906 0.12895 0.0111441
1 0.211972 0.217169 0.570859
3 0.0815184 0.622563 0.295919
3 0.333287 0.509112 0.157601
1 0.180225 0.254237 0.565538
2 0.702081 0.0584945 0.239424
2 0.679682 0.00920871 0.31111
2 0.681246 0.256876 0.0618782
2 0.586521 0.227954 0.185525
3 0.311291 0.4436 0.245109
3 0.377005 0.384266 0.238729
2 0.867516 0.0020448 0.130439
2 0.689264 0.278032 0.032704
2 0.840895 0.0984003 0.0607049
3 0.0406561 0.74375 0.215594
3 0.0636209 0.790738 0.145641
1 0.0407179 0.19956 0.759722
3 0.173033 0.505694 0.321273
1 0.398165 0.143526 0.458309
3 0.0870486 0.735646 0.177306
3 0.0850793 0.758918 0.156003
1 0.138233 0.359409 0.502359
2 0.90072 0.0517254 0.0475546
2 0.979884 0.00981309 0.0103026
2 0.487862 0.202652 0.309486
2 0.552256 0.343622 0.104122
2 0.967478 0.01817 0.0143521
2 0.556183 0.426519 0.0172981
2 0.902559 0.0704761 0.0269652
3 0.27447 0.463461 0.26207
2 0.781212 0.0159425 0.202845
3 0.105008 0.783962 0.11103
1 0.360026 0.032043 0.607931
3 0.127688 0.814227 0.0580851
1 0.254476 0.0481521 0.697372
2 0.563926 0.189634 0.24644
3 0.231976 0.69971 0.0683138
1 0.360026 0.032043 0.607931
1 0.257759 0.189843 0.552398
2 0.989027 0.00249989 0.00847299
3 0.294821 0.487213 0.217966
2 0.454625 0.105974 0.439401
3 0.0904597 0.678068 0.231473
2 0.624045 0.343576 0.0323783
2 0.887258 0.049266 0.0634761
2 0.596798 0.117597 0.285605
3 0.0659265 0.841664 0.092409
2 0.876003 0.0402726 0.0837245
3 0.0995178 0.48772 0.412762
2 0.948983 0.0134394 0.0375777
2 0.522444 0.247919 0.229637
3 0.237244 0.535639 0.227117
3 0.378116 0.527809 0.0940758
2 0.534414 0.153794 0.311792
3 0.232218 0.590265 0.177517
2 0.805187 0.187296 0.00751631
2 0.836727 0.121638 0.0416358
3 0.0397636 0.700461 0.259776
3 0.269623 0.635771 0.0946066
3 0.0550896 0.758434 0.186477
2 0.574075 0.00388018 0.422045
2 0.543913 0.102187 0.353901
2 0.55412 0.00539286 0.440487
2 0.47062 0.451093 0.0782863
1 0.314917 0.214403 0.47068
2 0.67708 0.0487716 0.274148
3 0.0346151 0.939935 0.0254495
2 0.91697 0.0453412 0.0376887
3 0.344611 0.550945 0.104444
2 0.582065 0.0216033 0.396331
3 0.35479 0.500933 0.144277
3 0.0535053 0.818741 0.127753
3 0.012163 0.727234 0.260603
3 0.093804 0.612934 0.293262
1 0.24539 0.100783 0.653827
3 0.196359 0.478735 0.324906
2 0.398081 0.354938 0.246981
3 0.0936581 0.571454 0.334888
2 0.936507 0.0517994 0.0116939
3 0.0347913 0.843324 0.121885
3 0.206383 0.611171 0.182447
3 0.137026 0.701079 0.161895
3 0.319913 0.629175 0.0509119
2 0.60239 0.129111 0.268499
3 0.007079 0.842944 0.149977
1 0.191176 0.210785 0.598039
1 0.04474 0.383036 0.572224
3 0.290006 0.60407 0.105924
2 0.531417 0.324975 0.143608
3 0.0461945 0.799898 0.153908
3 0.0680706 0.665058 0.266872
3 0.248503 0.602449 0.149049
1 0.18837 0.219231 0.592399
1 0.18837 0.219231 0.592399
3 0.0630285 0.894851 0.0421205
2 0.873209 0.0351681 0.0916231
3 0.0406488 0.894716 0.0646357
3 0.177489 0.637597 0.184915
3 0.105869 0.683624 0.210507
2 0.642739 0.31592 0.041341
1 0.0651266 0.387792 0.547082
3 0.0568348 0.686393 0.256772
1 0.0460155 0.0175097 0.936475
3 0.0156267 0.834025 0.150349
3 0.0355447 0.931483 0.0329723
3 0.0509432 0.814204 0.134852
3 0.0681552 0.787809 0.144035
2 0.436715 0.156924 0.40636
3 0.110329 0.705239 0.184431
3 0.0557714 0.800543 0.143686
3 0.049732 0.846248 0.10402
3 0.0349412 0.88659 0.0784684
3 0.0342479 0.911825 0.0539266
1 0.176347 0.353155 0.470498
2 0.67375 0.120924 0.205326
3 0.0369033 0.865001 0.0980959
2 0.50662 0.221199 0.272181
3 0.0494272 0.884759 0.0658141
3 0.0739925 0.871683 0.0543246
3 0.177109 0.696766 0.126125
3 0.165358 0.599186 0.235455
3 0.275655 0.579683 0.144662
3 0.0521298 0.816779 0.131091
1 0.155365 0.221748 0.622887
2 0.556953 0.283341 0.159706
1 0.106278 0.14425 0.749472
3 0.437351 0.473759 0.0888896
3 0.0348645 0.706561 0.258574
3 0.178573 0.680399 0.141028
1 0.166736 0.281307 0.551957
3 0.0983119 0.652733 0.248955
1 0.0920447 0.217147 0.690808
3 0.0131919 0.975115 0.0116929
1 0.0222672 0.343719 0.634014
1 0.29781 0.141929 0.56026
3 0.0800901 0.891268 0.0286419
3 0.0296573 0.780501 0.189842
3 0.0278709 0.771038 0.201091
3 0.149662 0.68483 0.165508
3 0.0506698 0.719068 0.230262
3 0.0506698 0.719068 0.230262
3 0.308632 0.367118 0.32425
2 0.739561 0.141242 0.119197
3 0.0343531 0.836783 0.128864
3 0.032452 0.916816 0.0507321
3 0.0381437 0.831189 0.130667
3 0.0928485 0.791775 0.115377
1 0.340515 0.168596 0.490889
3 0.046667 0.905319 0.0480138
2 0.850158 0.0577175 0.0921241
1 0.310482 0.293177 0.396341
1 0.244343 0.155091 0.600567
3 0.0452911 0.815302 0.139407
2 0.50567 0.409281 0.0850489
3 0.0530835 0.855363 0.0915532
3 0.177402 0.65791 0.164688
2 0.541822 0.152058 0.306119
3 0.0128462 0.90932 0.0778339
1 0.19385 0.200784 0.605366
3 0.279385 0.703632 0.0169834
1 0.367518 0.06842 0.564062
3 0.0611133 0.765703 0.173183
3 0.0533535 0.82529 0.121356
1 0.319554 0.133074 0.547372
3 0.0599208 0.750217 0.189862
3 0.0174917 0.870877 0.111632
1 0.127518 0.2563 0.616182
1 0.114533 0.164636 0.72083
2 0.932019 0.00663323 0.0613481
1 0.305089 0.174016 0.520896
2 0.378665 0.243727 0.377608
3 0.14084 0.706259 0.152901
3 0.136183 0.60549 0.258328
3 0.0752744 0.880388 0.0443377
2 0.580342 0.391422 0.0282365
3 0.070176 0.83389 0.0959343
1 0.19385 0.0608899 0.74526
2 0.487138 0.123778 0.389084
1 0.150297 0.209913 0.639789
2 0.398735 0.390383 0.210882
3 0.0186393 0.831768 0.149593
3 0.247936 0.572477 0.179588
3 0.0649837 0.93079 0.00422592
1 0.120024 0.269554 0.610422
3 0.041093 0.865186 0.0937212
3 0.0352369 0.902768 0.0619956
3 0.121899 0.672096 0.206005
1 0.0783515 0.164698 0.75695
1 0.0289803 0.056799 0.914221
3 0.0549773 0.69363 0.251392
2 0.599995 0.0268327 0.373173
1 0.00778206 0.366328 0.625889
3 0.187185 0.667531 0.145284
3 0.0503368 0.736362 0.213301
1 0.154471 0.0110205 0.834508
3 0.161333 0.589956 0.248711
1 0.173493 0.0871838 0.739323
3 0.134467 0.534712 0.330821
1 0.0692819 0.086264 0.844454
2 0.519218 0.349302 0.13148
1 0.245151 0.364851 0.389998
1 0.0281641 0.0304376 0.941398
1 0.0601078 0.103706 0.836186
2 0.719719 0.0118118 0.26847
1 0.363594 0.141358 0.495048
2 0.673934 0.00392027 0.322146
1 0.184847 0.34029 0.474863
1 0.296847 0.222817 0.480335
3 0.124688 0.681392 0.19392
1 0.298101 0.0732708 0.628629
1 0.301785 0.114189 0.584026
2 0.858215 0.028581 0.113204
1 0.368113 0.231074 0.400813
1 0.0768858 0.0255059 0.897608
2 0.645566 0.0238924 0.330542
1 0.133551 0.132047 0.734402
1 0.0268287 0.0434279 0.929743
1 0.185286 0.266724 0.54799
1 0.111118 0.0940229 0.794859
3 0.0238815 0.822669 0.15345
1 0.11618 0.126454 0.757366
2 0.801837 0.0526083 0.145555
3 0.0453008 0.749614 0.205086
2 0.734334 0.0041932 0.261473
3 0.0734021 0.65657 0.270028
3 0.0115532 0.677715 0.310732
1 0.163199 0.0739136 0.762887
3 0.0186222 0.517356 0.464021
3 0.0151295 0.656291 0.32858
1 0.0396825 0.0174712 0.942846
3 0.0809411 0.787082 0.131976
2 0.805084 0.124113 0.0708029
3 0.0407289 0.585164 0.374107
3 0.0500729 0.75512 0.194808
1 0.0714255 0.126136 0.802438
1 0.221802 0.111141 0.667057
1 0.0470076 0.0852747 0.867718
1 0.0858044 0.425499 0.488697
3 0.0131358 0.560729 0.426135
3 0.103778 0.549598 0.346624
1 0.192237 0.0434255 0.764337
1 0.0412501 0.146965 0.811785
1 0.0267331 0.381397 0.591869
1 0.108794 0.190928 0.700279
1 0.106289 0.0509925 0.842719
1 0.0922192 0.0639672 0.843814
3 0.0168052 0.574445 0.40875
1 0.182225 0.0138242 0.803951
1 0.434621 0.00638638 0.558992
3 0.012423 0.495514 0.492063
3 0.288901 0.470889 0.24021
2 0.522897 0.0752951 0.401808
1 0.0860978 0.226794 0.687109
1 0.159587 0.0569473 0.783466
1 0.170081 0.21171 0.61821
1 0.0806483 0.0473307 0.872021
3 0.0505821 0.536229 0.413189
1 0.0158871 0.014158 0.969955
1 0.0382662 0.472669 0.489065
1 0.270284 0.0871839 0.642532
3 0.01766 0.960519 0.0218212
3 0.164665 0.728815 0.106521
1 0.242526 0.0354191 0.722055
2 0.802548 0.029861 0.167591
2 0.802548 0.029861 0.167591
2 0.705542 0.192475 0.101984
2 0.716252 0.0315046 0.252244
1 0.0396165 0.0123228 0.948061
3 0.328149 0.597232 0.0746192
3 0.173199 0.678886 0.147916
3 0.155849 0.545557 0.298595
1 0.304648 0.0509049 0.644447
3 0.0242481 0.846687 0.129065
3 0.0250411 0.815105 0.159854
1 0.250808 0.0727946 0.676397
3 0.142581 0.631238 0.226181
1 0.244117 0.0413673 0.714516
1 0.051607 0.424918 0.523475
3 0.114494 0.492368 0.393138
3 0.0175446 0.501913 0.480542
1 0.108695 0.0500665 0.841239
1 0.0402397 0.031616 0.928144
3 0.078038 0.855602 0.0663597
1 0.194777 0.218128 0.587096
1 0.345218 0.176546 0.478236
1 0.046434 0.0919262 0.86164
1 0.257811 0.0796848 0.662504
2 0.432626 0.278399 0.288975
1 0.128111 0.0394047 0.832485
3 0.0548877 0.759944 0.185169
1 0.182287 0.111606 0.706107
3 0.221534 0.602966 0.1755
2 0.871951 0.0169743 0.111075
1 0.278392 0.0721667 0.649441
3 0.227573 0.681933 0.0904939
2 0.413559 0.301738 0.284704
1 0.221945 0.0332416 0.744813
1 0.193892 0.00597123 0.800137
2 0.524873 0.269629 0.205498
1 0.0956126 0.17471 0.729677
2 0.377558 0.3394 0.283041
3 0.176589 0.55071 0.2727
2 0.663922 0.0437733 0.292304
1 0.205632 0.0180052 0.776363
1 0.471151 0.00833131 0.520518
3 0.153617 0.809107 0.0372757
3 0.143892 0.610868 0.24524
3 0.178687 0.63344 0.187873
3 0.0665105 0.821572 0.111918
2 0.369634 0.288656 0.34171
1 0.148404 0.176945 0.674651
3 0.225299 0.710315 0.0643857
3 0.147364 0.743794 0.108842
1 0.0440928 0.110594 0.845313
3 0.139544 0.72595 0.134507
2 0.517563 0.310095 0.172342
2 0.982888 0.0149256 0.00218681
2 0.686693 0.20118 0.112127
1 0.472545 0.020523 0.506932
2 0.507975 0.0353771 0.456648
3 0.0641327 0.761649 0.174218
3 0.058325 0.513442 0.428233
3 0.0555629 0.857558 0.0868789
3 0.277705 0.377584 0.344711
3 0.00256758 0.997292 0.00014091
3 0.0265449 0.632162 0.341293
1 0.375766 0.0669645 0.55727
3 0.0254143 0.851517 0.123069
3 0.0438723 0.594154 0.361974
1 0.173776 0.157601 0.668623
3 0.0228554 0.858894 0.118251
3 0.0689313 0.846695 0.0843738
3 0.308218 0.387589 0.304194
3 0.0664795 0.738006 0.195514
3 0.0109532 0.81738 0.171667
3 0.117823 0.588731 0.293446
3 0.389209 0.463687 0.147105
1 0.158694 0.233865 0.607441
1 0.239967 0.181966 0.578068
3 0.0453264 0.779875 0.174799
2 0.796884 0.0389074 0.164209
3 0.0248291 0.948024 0.0271465
3 0.0810942 0.741187 0.177718
3 0.0534843 0.853429 0.0930866
3 0.0488891 0.805425 0.145686
3 0.142036 0.568763 0.289202
3 0.108288 0.623583 0.268129
2 0.827901 0.0174858 0.154613
3 0.0301389 0.722889 0.246973
3 0.143335 0.57136 0.285305
2 0.547658 0.00427358 0.448068
3 0.0292449 0.699326 0.271429
3 0.168427 0.695121 0.136452
3 0.0727685 0.818914 0.108318
3 0.0335395 0.90638 0.0600803
2 0.866776 0.0589302 0.074294
3 0.0752245 0.77019 0.154585
1 0.417657 0.0835202 0.498822
3 0.0251477 0.875482 0.0993702
3 0.0465814 0.722158 0.23126
3 0.169121 0.588127 0.242752
3 0.0997884 0.63277 0.267442
2 0.679947 0.168192 0.151861
3 0.158363 0.703593 0.138044
3 0.0380864 0.779853 0.18206
3 0.048815 0.615986 0.335199
1 0.0964263 0.172307 0.731267
3 0.0550507 0.572016 0.372934
3 0.187597 0.530598 0.281805
3 0.0204486 0.809078 0.170474
3 0.173793 0.693204 0.133002
2 0.556614 0.284121 0.159266
1 0.110186 0.428606 0.461208
3 0.0339152 0.738848 0.227237
3 0.0729262 0.889219 0.0378546
3 0.0165175 0.64758 0.335902
3 0.0386659 0.768758 0.192576
2 0.634581 0.114162 0.251256
1 0.101992 0.261545 0.636463
3 0.0311146 0.855037 0.113849
3 0.327051 0.563831 0.109118
3 0.0368986 0.927015 0.0360861
1 0.124794 0.129743 0.745463
3 0.0271885 0.887925 0.0848864
2 0.499053 0.33601 0.164937
1 0.10568 0.255425 0.638894
1 0.0848416 0.0583254 0.856833
3 0.0322213 0.788168 0.17961
3 0.137612 0.433318 0.42907
2 0.547718 0.334128 0.118154
3 0.08159 0.636635 0.281775
1 0.271067 0.0666707 0.662262
2 0.520177 0.238024 0.2418
3 0.086547 0.865915 0.0475382
3 0.250931 0.589748 0.159321
3 0.0344168 0.712196 0.253388
3 0.0209356 0.865851 0.113214
3 0.127885 0.641345 0.23077
2 0.819173 0.0949335 0.0858931
1 0.0280084 0.0923867 0.879605
1 0.339457 0.00918807 0.651355
2 0.652299 0.0526385 0.295063
2 0.652299 0.0526385 0.295063
2 0.693709 0.143295 0.162996
1 0.0347365 0.0326482 0.932615
1 0.0701374 0.10564 0.824223
3 0.0492754 0.696242 0.254483
1 0.148292 0.0532177 0.79849
1 0.133801 0.349599 0.5166
1 0.0766728 0.211124 0.712203
1 0.081377 0.0584599 0.860163
1 0.162266 0.0167331 0.821001
1 0.260042 0.0636695 0.676288
1 0.0475982 0.219722 0.73268
1 0.0069163 0.473559 0.519524
3 0.28025 0.478843 0.240907
1 0.135957 0.0485832 0.815459
1 0.170394 0.149693 0.679913
3 0.102095 0.515107 0.382798
3 0.0424386 0.747596 0.209965
1 0.176976 0.20676 0.616265
1 0.0987866 0.44399 0.457223
1 0.0645949 0.132217 0.803188
1 0.0713691 0.0758398 0.852791
1 0.100954 0.107217 0.791829
1 0.0800619 0.0801427 0.839795
1 0.0531684 0.0975828 0.849249
3 0.164405 0.616359 0.219236
1 0.0778813 0.107159 0.81496
1 0.335753 0.0102262 0.654021
3 0.0889878 0.732683 0.178329
3 0.0386897 0.747102 0.214209
1 0.0426017 0.034339 0.923059
1 0.256143 0.172577 0.571281
1 0.202756 0.0803193 0.716925
1 0.018017 0.0137745 0.968209
1 0.0343378 0.0621788 0.903483
1 0.155947 0.0176837 0.826369
1 0.285976 0.172483 0.54154
1 0.0855443 0.0861207 0.828335
1 0.0227893 0.10743 0.86978
3 0.0150541 0.833761 0.151185
3 0.0246861 0.579003 0.396311
1 0.141519 0.0425554 0.815926
1 0.176869 0.0188427 0.804288
3 0.0108859 0.533051 0.456063
1 0.0804445 0.383377 0.536179
3 0.223711 0.482765 0.293524
3 0.108209 0.690859 0.200932
3 0.107798 0.579544 0.312658
3 0.216679 0.530947 0.252374
1 0.0385585 0.0126807 0.948761
1 0.146486 0.180487 0.673027
1 0.14738 0.05027 0.80235
3 0.012587 0.520599 0.466814
1 0.234534 0.13973 0.625736
1 0.0695909 0.308334 0.622076
1 0.211748 0.309101 0.479152
3 0.0250916 0.683587 0.291322
3 0.203299 0.490445 0.306257
3 0.0416139 0.849192 0.109194
2 0.402643 0.226872 0.370485
2 0.505418 0.136751 0.357831
1 0.0232007 0.479888 0.496911
1 0.168525 0.0098452 0.821629
3 0.0144823 0.900041 0.0854767
1 0.280456 0.188433 0.531111
1 0.15398 0.394665 0.451355
3 0.0729262 0.889219 0.0378546
3 0.0971116 0.680623 0.222265
3 0.0633185 0.710518 0.226163
1 0.0076216 0.00872206 0.983656
3 0.0218866 0.725861 0.252252
3 0.104504 0.557375 0.338121
3 0.155804 0.499619 0.344577
1 0.0408973 0.462897 0.496205
1 0.39896 0.0965784 0.504461
1 0.0998538 0.0500454 0.850101
3 0.0452311 0.53616 0.418609
3 0.0451832 0.6568 0.298016
1 0.226697 0.234089 0.539214
1 0.209932 0.151335 0.638734
3 0.0593691 0.746415 0.194215
1 0.0365789 0.0422824 0.921139
1 0.0217848 0.414468 0.563747
1 0.0228526 0.214856 0.762291
1 0.0670103 0.261213 0.671777
1 0.0914601 0.0875599 0.82098
1 0.0789726 0.0900044 0.831023
1 0.0474754 0.0663682 0.886156
3 0.192421 0.616702 0.190877
3 0.0715712 0.830213 0.0982161
1 0.31184 0.181527 0.506633
1 0.363676 0.076915 0.559409
3 0.0423755 0.881643 0.0759816
1 0.158123 0.00692621 0.834951
2 0.771656 0.120513 0.107831
2 0.380181 0.313716 0.306103
1 0.237051 0.111612 0.651337
1 0.262756 0.020876 0.716368
2 0.79416 0.0371276 0.168713
3 0.286841 0.666625 0.0465342
1 0.33988 0.111799 0.548321
3 0.210807 0.622425 0.166768
2 0.784468 0.0565153 0.159017
1 0.0752909 0.0496878 0.875021
1 0.130887 0.146542 0.722571
3 0.0575655 0.746495 0.19594
1 0.132311 0.155661 0.712028
3 0.122719 0.681929 0.195352
3 0.288056 0.477291 0.234653
3 0.288056 0.477291 0.234653
3 0.125097 0.618904 0.255999
3 0.0671687 0.744226 0.188605
3 0.055901 0.572224 0.371875
1 0.031357 0.115733 0.85291
3 0.0256525 0.546872 0.427476
3 0.0704499 0.674251 0.255299
3 0.0663429 0.747717 0.18594
3 0.143272 0.576572 0.280156
3 0.0584197 0.729711 0.211869
3 0.0587955 0.594378 0.346826
3 0.0320918 0.856019 0.111889
1 0.0325457 0.206906 0.760548
3 0.0799552 0.708668 0.211376
3 0.0262427 0.84382 0.129937
1 0.0439962 0.431001 0.525003
3 0.0262186 0.84334 0.130441
3 0.0111922 0.809154 0.179654
3 0.0339365 0.804779 0.161285
3 0.0227353 0.678175 0.299089
3 0.0279247 0.627063 0.345012
1 0.00425825 0.30774 0.688002
3 0.0695384 0.789535 0.140927
3 0.0558278 0.875914 0.0682577
3 0.0689051 0.848624 0.0824714
1 0.186048 0.0268868 0.787065
3 0.259258 0.394492 0.34625
3 0.0671218 0.543331 0.389548
3 0.019543 0.903519 0.0769378
3 0.023302 0.854563 0.122135
3 0.0255134 0.808802 0.165684
3 0.0755729 0.797572 0.126855
3 0.0375495 0.64912 0.31333
1 0.207819 0.120862 0.671318
1 0.207819 0.120862 0.671318
3 0.0216309 0.811906 0.166463
3 0.0536048 0.540866 0.405529
3 0.0931483 0.51321 0.393641
1 0.0100862 0.00643677 0.983477
3 0.018908 0.685392 0.2957
1 0.151623 0.227687 0.620691
3 0.0532738 0.836962 0.109764
3 0.00860367 0.675735 0.315661
3 0.0926626 0.598061 0.309276
3 0.0282648 0.7727 0.199035
3 0.0227353 0.678175 0.299089
3 0.090144 0.553007 0.356849
3 0.0375514 0.506311 0.456138
3 0.0278957 0.814461 0.157643
3 0.220884 0.451237 0.327879
1 0.210197 0.0937883 0.696015
1 0.358795 0.196542 0.444663
3 0.0463499 0.510948 0.442702
3 0.0218659 0.759257 0.218877
3 0.0218659 0.759257 0.218877
3 0.0648179 0.82944 0.105742
3 0.0377953 0.820983 0.141222
3 0.0336316 0.823212 0.143157
3 0.0237864 0.902635 0.0735786
1 0.0374783 0.347957 0.614565
3 0.0980864 0.712054 0.189859
3 0.0592002 0.649283 0.291516
1 0.0379107 0.0511078 0.910981
3 0.0665139 0.706095 0.227392
1 0.0355926 0.407882 0.556526
3 0.0479518 0.753519 0.198529
3 0.152446 0.579948 0.267606
3 0.100186 0.667757 0.232057
2 0.65336 0.102023 0.244617
3 0.0204658 0.791527 0.188007
3 0.0507587 0.731594 0.217647
3 0.0474414 0.7706 0.181958
3 0.0314007 0.692337 0.276262
3 0.162567 0.529333 0.3081
1 0.189628 0.0381846 0.772187
3 0.0534877 0.737113 0.2094
3 0.0470105 0.773678 0.179312
1 0.0178388 0.41814 0.564021
1 0.0521863 0.322021 0.625793
3 0.13085 0.802096 0.0670539
3 0.0902604 0.725886 0.183853
3 0.0559093 0.816497 0.127594
1 0.189167 0.253508 0.557325
3 0.0502579 0.708857 0.240885
3 0.117462 0.717037 0.165501
3 0.208698 0.687996 0.103307
3 0.0266664 0.904869 0.0684643
3 0.141517 0.524531 0.333952
1 0.0638836 0.415758 0.520358
1 0.0748849 0.21141 0.713705
3 0.29153 0.449161 0.259309
1 0.1694 0.35596 0.47464
3 0.025134 0.869686 0.10518
3 0.0188954 0.926654 0.0544506
3 0.0389431 0.858637 0.10242
3 0.0470075 0.804083 0.148909
3 0.12207 0.513525 0.364405
1 0.085708 0.239879 0.674413
3 0.0377195 0.819628 0.142652
3 0.0719762 0.659732 0.268292
1 0.00838552 0.329487 0.662127
3 0.0218481 0.754995 0.223157
3 0.0487779 0.554749 0.396473
3 0.308537 0.384639 0.306824
3 0.125266 0.566431 0.308303
3 0.0434667 0.632529 0.324004
1 0.315928 0.247502 0.43657
3 0.0212457 0.901013 0.0777412
3 0.00677767 0.883668 0.109554
3 0.027024 0.779017 0.193959
3 0.0325017 0.942117 0.0253811
3 0.0412263 0.875786 0.0829874
3 0.0536555 0.873183 0.0731614
3 0.0160668 0.804925 0.179008
3 0.0307978 0.887609 0.0815934
3 0.0262695 0.872725 0.101005
3 0.0444918 0.879334 0.0761746
3 0.0344533 0.911886 0.0536605
3 0.0123488 0.738465 0.249186
3 0.0570555 0.649821 0.293123
3 0.0101645 0.93785 0.0519854
3 0.0569317 0.929296 0.0137728
3 0.0266422 0.940363 0.0329943
3 0.0396281 0.890995 0.0693769
3 0.0870455 0.805089 0.107865
3 0.0555285 0.918815 0.0256567
3 0.0339557 0.890096 0.0759483
3 0.0109512 0.791359 0.197689
3 0.0361753 0.913204 0.0506212
3 0.020393 0.871109 0.108498
3 0.0484109 0.905508 0.0460815
3 0.0167133 0.892715 0.0905719
3 0.0545342 0.914561 0.0309044
3 0.0369024 0.92809 0.0350073
3 0.0189643 0.927391 0.0536451
3 0.0472185 0.899437 0.0533444
3 0.0188685 0.952636 0.0284952
3 0.0711321 0.8678 0.0610679
3 0.0303052 0.959857 0.00983746
3 0.0271528 0.933011 0.0398362
3 0.0361585 0.789051 0.174791
3 0.034961 0.908278 0.0567612
3 0.0233905 0.867367 0.109243
3 0.0129234 0.745673 0.241404
3 0.0103347 0.967702 0.021963
3 0.0462416 0.796673 0.157085
3 0.0168844 0.758713 0.224403
3 0.0268014 0.897835 0.075364
3 0.0591507 0.883171 0.057678
3 0.0719493 0.861325 0.0667257
3 0.0229307 0.953866 0.023203
3 0.0152838 0.96808 0.0166363
3 0.0212122 0.818852 0.159936
3 0.0226349 0.941525 0.0358401
3 0.0123598 0.906002 0.0816387
3 0.0128719 0.494434 0.492694
3 0.0310456 0.931749 0.0372054
3 0.0391475 0.893979 0.0668732
3 0.0624733 0.900081 0.0374453
3 0.0566733 0.900644 0.0426824
3 0.0633284 0.892646 0.0440252
3 0.0518712 0.88231 0.0658189
3 0.00295061 0.549421 0.447629
3 0.0418387 0.909309 0.0488521
3 0.0550525 0.875714 0.0692339
3 0.0133427 0.741373 0.245285
3 0.0193539 0.772944 0.207703
3 0.0321022 0.913399 0.0544988
3 0.1322 0.817603 0.0501978
1 0.145801 0.296525 0.557674
1 0.0510341 0.059777 0.889189
1 0.0914985 0.212379 0.696123
1 0.0437151 0.000944414 0.95534
1 0.0691873 0.301815 0.628998
1 0.113162 0.0227141 0.864124
1 0.0883637 0.149295 0.762341
1 0.0815888 0.066054 0.852357
1 0.0189159 0.089531 0.891553
1 0.160371 0.252803 0.586826
1 0.0439576 0.0292653 0.926777
1 0.10054 0.0441112 0.855349
1 0.250227 0.310443 0.43933
1 0.185107 0.248124 0.566769
1 0.0573345 0.109426 0.83324
1 0.0625471 0.460615 0.476838
1 0.0592212 0.400173 0.540606
1 0.0747654 0.0779684 0.847266
1 0.0554406 0.0517362 0.892823
1 0.121154 0.0743411 0.804505
1 0.121154 0.0743411 0.804505
1 0.0831872 0.356424 0.560389
3 0.0102755 0.785749 0.203975
1 0.0683303 0.429851 0.501819
1 0.0726401 0.0818347 0.845525
1 0.0211468 0.372575 0.606279
1 0.0290975 0.0506891 0.920213
3 0.16354 0.564549 0.271911
1 0.0447838 0.464639 0.490577
1 0.03907 0.338927 0.622003
1 0.00756894 0.226513 0.765918
