labels 2 3 1
2 0.896833 0.0688546 0.0343122
3 0.433174 0.443901 0.122925
3 0.370854 0.376526 0.25262
2 0.836996 0.00215824 0.160846
2 0.933719 0.0338182 0.0324631
2 0.768233 0.0226281 0.209139
1 0.316934 0.154008 0.529058
3 0.0767808 0.677804 0.245415
1 0.21632 0.18628 0.5974
3 0.0167958 0.765701 0.217503
2 0.705609 0.246011 0.0483797
2 0.492888 0.307778 0.199334
3 0.107392 0.458996 0.433612
3 0.210265 0.671921 0.117813
2 0.496407 0.253226 0.250367
1 0.190797 0.120554 0.688649
3 0.165123 0.54028 0.294596
3 0.023131 0.620945 0.355924
3 0.0482296 0.693706 0.258064
3 0.134918 0.650882 0.2142
3 0.0403561 0.648326 0.311318
3 0.0397404 0.804632 0.155627
3 0.0299203 0.906635 0.0634444
3 0.0374926 0.795699 0.166808
3 0.0521745 0.808849 0.138977
3 0.0413204 0.897214 0.0614661
3 0.066417 0.869871 0.0637118
3 0.039108 0.879452 0.0814398
3 0.0429382 0.849872 0.10719
3 0.0566193 0.832597 0.110784
3 0.0566193 0.832597 0.110784
3 0.043858 0.884163 0.0719789
3 0.0508912 0.843413 0.105696
3 0.0238951 0.946745 0.02936
1 0.118741 0.166645 0.714614
3 0.0314625 0.923756 0.0447811
3 0.0159857 0.886407 0.0976069
3 0.0561201 0.864249 0.0796308
3 0.0523699 0.775922 0.171708
3 0.0520854 0.871941 0.0759731
3 0.0356811 0.845256 0.119063
3 0.0207673 0.921391 0.0578418
3 0.053153 0.875315 0.0715325
3 0.0576093 0.857683 0.0847081
3 0.069314 0.912088 0.018598
3 0.065027 0.880071 0.0549023
3 0.0944533 0.786056 0.11949
3 0.0436607 0.922159 0.0341804
3 0.0586905 0.861075 0.0802347
3 0.0229505 0.885093 0.091956
3 0.0642506 0.885524 0.050225
3 0.0386871 0.913821 0.0474923
3 0.12483 0.817526 0.0576447
3 0.0507686 0.844866 0.104365
3 0.140977 0.758887 0.100137
3 0.06252 0.789679 0.147801
3 0.0956713 0.851179 0.0531497
3 0.0911549 0.797386 0.111459
3 0.052847 0.889817 0.0573363
3 0.169039 0.628909 0.202052
3 0.0391016 0.920881 0.040017
3 0.0457486 0.879168 0.0750837
3 0.0946346 0.824133 0.0812322
3 0.0415323 0.889063 0.069405
3 0.0543548 0.869825 0.0758201
3 0.0228346 0.849354 0.127811
3 0.0414234 0.893442 0.0651344
3 0.0737257 0.797677 0.128598
3 0.0318655 0.80333 0.164805
3 0.0380179 0.822759 0.139223
3 0.0282465 0.954939 0.0168142
3 0.0517906 0.936121 0.0120888
3 0.0402624 0.936876 0.0228621
3 0.0268636 0.846519 0.126618
3 0.044342 0.893481 0.0621771
3 0.0245522 0.926379 0.049069
3 0.0171407 0.962734 0.0201255
3 0.0489513 0.852193 0.0988556
3 0.0327909 0.952514 0.0146949
3 0.0644738 0.898953 0.036573
3 0.0342445 0.895152 0.0706032
3 0.0267427 0.894698 0.0785591
3 0.0341 0.946531 0.0193685
3 0.124641 0.777098 0.0982613
3 0.0428163 0.856014 0.10117
3 0.0946801 0.891403 0.0139165
3 0.0946801 0.891403 0.0139165
3 0.0468775 0.916148 0.0369746
3 0.0284062 0.914357 0.0572369
3 0.048124 0.86206 0.0898156
3 0.0588259 0.867425 0.0737495
3 0.0538616 0.900245 0.0458929
3 0.076121 0.765584 0.158295
3 0.026832 0.961177 0.0119907
3 0.0385503 0.921765 0.0396849
3 0.0586174 0.92855 0.0128325
3 0.0853763 0.896093 0.0185312
3 0.0557586 0.931219 0.0130223
3 0.0794375 0.85798 0.0625823
3 0.029359 0.925247 0.0453935
3 0.0527743 0.919687 0.0275387
3 0.0564094 0.905705 0.0378853
3 0.0564094 0.905705 0.0378853
3 0.152032 0.832328 0.01564
3 0.0939909 0.890927 0.0150819
3 0.0682189 0.899502 0.0322787
3 0.0251067 0.884227 0.0906663
3 0.0971379 0.729217 0.173646
3 0.0797202 0.835406 0.084874
3 0.0715339 0.845675 0.0827908
3 0.0330596 0.947909 0.0190311
3 0.0616813 0.923214 0.0151042
3 0.0419195 0.949571 0.0085092
3 0.0390011 0.942725 0.0182734
3 0.0972626 0.887908 0.0148298
3 0.0255446 0.931992 0.0424636
3 0.0788768 0.855949 0.0651742
3 0.0518851 0.828947 0.119168
3 0.0803547 0.851183 0.0684624
3 0.0510258 0.884015 0.0649589
3 0.0965415 0.876163 0.0272956
3 0.0728043 0.877439 0.0497571
3 0.0183373 0.92366 0.0580029
3 0.0204953 0.842495 0.13701
3 0.0264108 0.944187 0.0294023
3 0.031942 0.905855 0.0622031
3 0.031942 0.905855 0.0622031
3 0.0767393 0.831509 0.0917519
3 0.0615269 0.857665 0.0808081
3 0.0955675 0.867797 0.0366353
3 0.0305044 0.781003 0.188493
3 0.0502155 0.845475 0.104309
3 0.0430553 0.871674 0.085271
3 0.0361567 0.852272 0.111571
3 0.018148 0.794146 0.187706
3 0.0470616 0.938213 0.0147251
3 0.0354264 0.908706 0.0558679
3 0.061315 0.826526 0.112159
3 0.0535336 0.897709 0.0487576
3 0.0220639 0.934877 0.0430594
3 0.0373116 0.910128 0.05256
3 0.0207151 0.806365 0.17292
3 0.118184 0.841597 0.0402189
3 0.0599929 0.886394 0.0536132
3 0.030683 0.946454 0.0228632
3 0.162618 0.697784 0.139598
3 0.0396548 0.903124 0.0572208
3 0.0639603 0.880547 0.0554923
3 0.029373 0.822422 0.148205
3 0.040227 0.941429 0.0183439
3 0.0754174 0.884707 0.0398755
3 0.0503706 0.75846 0.191169
3 0.0443154 0.860487 0.0951977
3 0.0664658 0.840986 0.092548
3 0.0592117 0.92587 0.0149182
3 0.0137005 0.964966 0.0213334
3 0.0449439 0.896501 0.0585554
3 0.0231662 0.896653 0.0801806
3 0.035125 0.847744 0.117131
3 0.0617751 0.840044 0.0981805
3 0.0777944 0.741252 0.180953
3 0.0236255 0.898655 0.0777198
3 0.0481729 0.937004 0.0148233
3 0.0409456 0.938211 0.0208433
3 0.060176 0.711231 0.228593
3 0.0114084 0.907248 0.0813434
3 0.047591 0.843387 0.109022
3 0.0421854 0.931875 0.0259391
3 0.0207423 0.954935 0.0243224
3 0.0369607 0.917348 0.0456917
3 0.0427534 0.860634 0.0966124
3 0.0392939 0.861694 0.0990119
3 0.0687776 0.899266 0.0319565
3 0.0687776 0.899266 0.0319565
3 0.0287525 0.892965 0.0782828
3 0.0412034 0.830659 0.128137
3 0.0668591 0.912098 0.0210427
1 0.108742 0.117436 0.773823
1 0.324526 0.175725 0.499749
1 0.089537 0.109614 0.800849
3 0.0368407 0.508749 0.45441
1 0.13791 0.122845 0.739245
2 0.519268 0.0159329 0.464799
2 0.564541 0.0145279 0.420931
1 0.122202 0.152204 0.725595
3 0.0501909 0.681982 0.267827
1 0.266741 0.11731 0.61595
3 0.130998 0.690621 0.178381
1 0.162939 0.200829 0.636231
1 0.232886 0.280811 0.486303
1 0.135533 0.149614 0.714852
1 0.112963 0.257929 0.629108
2 0.440504 0.139065 0.420431
1 0.0288266 0.0221602 0.949013
1 0.190502 0.00216201 0.807336
1 0.196711 0.114922 0.688367
1 0.00509721 0.182325 0.812578
3 0.174475 0.793688 0.031837
3 0.0686824 0.740319 0.190999
3 0.223098 0.422926 0.353976
1 0.0678106 0.13264 0.799549
3 0.0172859 0.659154 0.32356
1 0.139556 0.227738 0.632706
3 0.174475 0.793688 0.031837
1 0.375204 0.17504 0.449756
1 0.229115 0.00522193 0.765664
3 0.241249 0.58142 0.177331
3 0.198379 0.721662 0.0799585
1 0.0741774 0.122284 0.803539
3 0.0386897 0.4972 0.46411
2 0.552134 0.039983 0.407883
1 0.200722 0.151839 0.647439
1 0.0413055 0.140419 0.818276
3 0.0464713 0.795742 0.157787
3 0.0280413 0.926344 0.0456142
3 0.0385841 0.777979 0.183437
3 0.0928137 0.868218 0.0389683
3 0.0600866 0.860092 0.0798212
3 0.0765403 0.838308 0.0851515
3 0.0403252 0.883424 0.0762507
3 0.0509407 0.839965 0.109095
3 0.0217395 0.540615 0.437646
3 0.0380938 0.839722 0.122184
3 0.235328 0.742942 0.0217296
3 0.050495 0.862778 0.0867273
3 0.0935629 0.817967 0.0884697
3 0.0393489 0.735652 0.224999
3 0.0514992 0.875809 0.0726916
3 0.0571837 0.88377 0.0590466
3 0.0613456 0.843975 0.0946793
3 0.0358454 0.747211 0.216943
3 0.0835341 0.852562 0.0639041
3 0.0842204 0.809307 0.106473
3 0.0370552 0.874786 0.0881584
3 0.0482536 0.762399 0.189347
3 0.0757514 0.768496 0.155752
3 0.0373675 0.909353 0.0532795
3 0.0373675 0.909353 0.0532795
3 0.0501948 0.891014 0.0587908
3 0.0511238 0.849756 0.0991206
3 0.0608724 0.826035 0.113092
3 0.0513341 0.849853 0.0988131
3 0.0521866 0.902833 0.0449804
3 0.0407234 0.908646 0.0506305
3 0.0386831 0.890826 0.0704906
3 0.0627241 0.828333 0.108943
3 0.0379447 0.867506 0.0945494
3 0.0275633 0.93506 0.0373772
3 0.0631849 0.793993 0.142822
3 0.0373834 0.899827 0.0627896
3 0.0329243 0.937308 0.0297672
3 0.0378607 0.793592 0.168547
3 0.0431451 0.929771 0.0270837
3 0.0637166 0.845574 0.090709
3 0.0463661 0.751072 0.202562
3 0.0531905 0.87297 0.0738398
3 0.0363793 0.790217 0.173403
3 0.0721951 0.854237 0.0735677
3 0.0754183 0.83955 0.0850315
3 0.0360652 0.875739 0.0881959
3 0.0390546 0.8915 0.0694458
3 0.0883868 0.84971 0.0619032
3 0.0818731 0.834768 0.0833589
3 0.0482287 0.834222 0.117549
3 0.03989 0.890296 0.0698139
3 0.0460796 0.88137 0.0725502
3 0.0429299 0.920389 0.0366812
3 0.0304678 0.820702 0.14883
3 0.0601747 0.825676 0.11415
3 0.212322 0.738888 0.0487902
3 0.0626628 0.897952 0.0393856
3 0.0942 0.815385 0.090415
3 0.113584 0.803313 0.0831036
3 0.0352625 0.790191 0.174547
3 0.0834588 0.843325 0.0732164
3 0.0295637 0.927254 0.043182
3 0.06057 0.852245 0.0871847
3 0.0549727 0.858258 0.0867695
3 0.0499961 0.834618 0.115386
3 0.0377052 0.713351 0.248944
3 0.0508999 0.768107 0.180993
3 0.0401476 0.760833 0.19902
1 0.0075293 0.261767 0.730703
1 0.0110244 0.477258 0.511718
1 0.0155564 0.0436255 0.940818
2 0.439014 0.289983 0.271003
3 0.093653 0.605459 0.300888
1 0.0496896 0.0515518 0.898759
2 0.709482 0.0972651 0.193253
1 0.0990461 0.0700433 0.830911
1 0.00794237 0.337878 0.654179
1 0.125731 0.0344579 0.839811
1 0.0725337 4.40212e-05 0.927422
2 0.497353 0.0214968 0.48115
1 0.00744788 0.0105179 0.982034
1 0.179027 0.355758 0.465215
3 0.138096 0.543167 0.318737
1 0.233395 0.14961 0.616995
3 0.0203385 0.689001 0.29066
1 0.0269046 0.362758 0.610337
3 0.0319129 0.650491 0.317596
3 0.0959034 0.608609 0.295488
3 0.0336983 0.902316 0.0639856
3 0.0629461 0.833261 0.103793
3 0.0197785 0.822824 0.157397
3 0.0193429 0.898504 0.0821535
3 0.0267059 0.920854 0.0524399
3 0.0298195 0.937632 0.0325484
3 0.0426971 0.930563 0.0267398
3 0.184343 0.762146 0.0535106
3 0.0499065 0.89441 0.055683
1 0.00547755 0.351335 0.643187
3 0.0415417 0.840991 0.117467
3 0.0318011 0.944969 0.0232303
3 0.0154716 0.917108 0.0674208
3 0.0512681 0.839895 0.108836
3 0.0370426 0.895436 0.0675213
3 0.0670043 0.818336 0.11466
3 0.0969499 0.827898 0.0751521
3 0.0285978 0.81625 0.155152
3 0.0748259 0.79404 0.131134
3 0.0276095 0.855304 0.117087
3 0.0822933 0.873059 0.0446475
3 0.029447 0.80758 0.162973
3 0.0298504 0.90705 0.0630995
3 0.0618233 0.913782 0.0243943
3 0.0858943 0.749829 0.164277
3 0.0564985 0.814185 0.129317
3 0.0389359 0.852665 0.108399
3 0.0182652 0.952982 0.0287528
3 0.0245344 0.938066 0.0373992
3 0.0888145 0.847266 0.0639194
3 0.0554879 0.890554 0.0539579
3 0.0403532 0.794706 0.164941
3 0.0114719 0.928981 0.0595473
3 0.0613585 0.831054 0.107588
3 0.0215333 0.963082 0.0153845
3 0.051591 0.922262 0.0261468
3 0.0344871 0.946604 0.0189093
1 0.0164407 0.462751 0.520809
3 0.00781357 0.974308 0.0178789
3 0.101662 0.832989 0.0653492
3 0.118425 0.642208 0.239367
3 0.0468936 0.899577 0.053529
3 0.0358471 0.910012 0.0541404
3 0.0689632 0.893837 0.0372002
3 0.0954664 0.707932 0.196602
1 0.132151 0.356284 0.511565
3 0.0791269 0.809526 0.111347
3 0.052501 0.855105 0.0923945
3 0.0385605 0.869426 0.0920132
3 0.030592 0.854604 0.114804
3 0.0106731 0.983787 0.00554002
3 0.162337 0.51807 0.319593
3 0.0609651 0.834507 0.104528
3 0.0156477 0.92753 0.0568222
3 0.0320405 0.934808 0.0331513
3 0.0172968 0.879494 0.103209
3 0.0205241 0.860126 0.11935
3 0.0693313 0.832534 0.0981347
3 0.0507154 0.8472 0.102084
3 0.0560377 0.818336 0.125626
3 0.0294284 0.840872 0.1297
3 0.018294 0.823717 0.157989
3 0.0396176 0.804099 0.156283
3 0.0363314 0.750193 0.213476
3 0.0253456 0.742401 0.232253
3 0.0187175 0.851666 0.129617
3 0.01136 0.923435 0.0652048
3 0.00905934 0.955951 0.0349893
3 0.0933339 0.780982 0.125684
3 0.0709552 0.646792 0.282253
3 0.0487198 0.895272 0.0560077
3 0.0255658 0.84649 0.127945
3 0.0286399 0.942747 0.0286127
3 0.0468325 0.851443 0.101724
3 0.0593716 0.884464 0.0561646
3 0.0197029 0.878957 0.10134
3 0.035864 0.837743 0.126393
3 0.0590327 0.90248 0.0384877
1 0.0148532 0.285906 0.699241
3 0.0115663 0.959914 0.0285201
3 0.0110076 0.906149 0.0828437
3 0.00496863 0.953914 0.0411171
3 0.012957 0.912414 0.0746294
3 0.0376728 0.883697 0.0786305
3 0.0227585 0.879282 0.09796
3 0.0600081 0.859585 0.0804069
3 0.0256535 0.741356 0.232991
3 0.0167943 0.95768 0.0255261
3 0.0337623 0.805282 0.160956
3 0.0642565 0.905966 0.0297779
3 0.112043 0.813241 0.074716
3 0.0296486 0.578357 0.391995
3 0.0304195 0.595423 0.374158
3 0.0238287 0.924629 0.0515425
3 0.193885 0.709378 0.0967372
3 0.029125 0.883654 0.0872214
3 0.0598845 0.883754 0.0563616
3 0.0218018 0.933032 0.0451665
3 0.037914 0.876868 0.085218
3 0.0351038 0.853999 0.110898
3 0.0166215 0.962731 0.0206474
3 0.0137911 0.746011 0.240198
3 0.192472 0.59982 0.207707
1 0.0716753 0.0537938 0.874531
3 0.0167304 0.886679 0.0965906
3 0.0105241 0.772965 0.216511
3 0.06248 0.881266 0.0562538
3 0.0293549 0.924401 0.046244
3 0.06185 0.891679 0.0464706
3 0.0199361 0.785559 0.194505
3 0.0123974 0.874302 0.1133
3 0.0733516 0.796978 0.129671
3 0.016286 0.914921 0.0687934
3 0.00467151 0.645565 0.349763
3 0.0348824 0.874214 0.0909033
3 0.030774 0.891532 0.0776938
3 0.0499624 0.860807 0.0892305
3 0.057675 0.873483 0.0688418
3 0.0188007 0.880612 0.100587
3 0.0634679 0.88139 0.0551423
3 0.0239792 0.773928 0.202093
3 0.0613257 0.88215 0.0565245
3 0.0133514 0.941453 0.0451961
3 0.0110652 0.971811 0.0171242
3 0.0343257 0.948203 0.0174718
3 0.0291149 0.913084 0.0578014
3 0.0521741 0.907681 0.0401449
3 0.0281247 0.842627 0.129248
3 0.0511221 0.840254 0.108624
3 0.0117996 0.898322 0.0898785
3 0.0170348 0.927461 0.0555041
3 0.00610953 0.919566 0.0743246
3 0.0215276 0.962457 0.0160156
3 0.0184668 0.846352 0.135182
3 0.0459252 0.927955 0.0261198
3 0.0307488 0.910819 0.0584322
3 0.0331976 0.870805 0.0959979
1 0.0205872 0.404766 0.574647
3 0.0517408 0.905175 0.0430842
3 0.0127142 0.687411 0.299875
3 0.0247166 0.818718 0.156566
3 0.0242031 0.918965 0.0568322
3 0.0230297 0.965599 0.0113717
3 0.0310326 0.945621 0.0233464
3 0.0648797 0.884465 0.0506556
3 0.014215 0.944852 0.0409335
3 0.014215 0.944852 0.0409335
3 0.031794 0.929784 0.0384218
3 0.0622382 0.9153 0.0224618
3 0.0208241 0.846949 0.132227
3 0.0327965 0.924875 0.0423284
3 0.0226476 0.955615 0.0217373
3 0.00355494 0.91995 0.0764954
3 0.0182192 0.957166 0.0246145
3 0.0121196 0.922235 0.0656453
3 0.0190957 0.947812 0.0330926
3 0.0252179 0.941016 0.0337657
3 0.0293074 0.818563 0.15213
3 0.104673 0.819601 0.0757262
3 0.0802172 0.858579 0.061204
3 0.0304273 0.897815 0.0717581
3 0.0624422 0.840286 0.0972716
3 0.0358191 0.945861 0.01832
3 0.0332422 0.686662 0.280096
3 0.0219254 0.800505 0.177569
3 0.00494797 0.730257 0.264795
3 0.0483941 0.918771 0.0328349
3 0.0389461 0.938326 0.0227281
3 0.00509327 0.885979 0.108927
3 0.0180868 0.812747 0.169166
3 0.0399966 0.909139 0.0508645
3 0.0268414 0.961913 0.0112459
3 0.0325161 0.937589 0.0298948
3 0.0356893 0.620232 0.344078
3 0.0428826 0.869134 0.0879836
3 0.0185444 0.943673 0.0377826
3 0.0300297 0.833178 0.136793
3 0.049721 0.918508 0.0317715
3 0.0311477 0.85634 0.112513
3 0.0443162 0.93756 0.0181236
3 0.00664598 0.972979 0.0203752
3 0.0270706 0.740603 0.232326
3 0.0391915 0.921281 0.0395275
3 0.0653852 0.881244 0.0533707
3 0.0275798 0.909136 0.0632847
3 0.0174784 0.94073 0.0417914
3 0.0617295 0.900156 0.0381149
3 0.0374306 0.863886 0.0986837
3 0.0340539 0.86913 0.0968157
3 0.013806 0.902019 0.0841749
3 0.0457648 0.911455 0.0427801
3 0.0217975 0.795197 0.183005
3 0.0114317 0.934048 0.0545199
3 0.0553516 0.836799 0.10785
3 0.0270515 0.95931 0.0136381
3 0.0223816 0.964142 0.0134761
3 0.037488 0.919255 0.0432568
3 0.0942204 0.850398 0.0553811
3 0.0627418 0.752447 0.184811
3 0.0256129 0.909881 0.0645061
3 0.0283639 0.85537 0.116266
3 0.0294073 0.921088 0.0495046
3 0.0584354 0.916685 0.0248798
3 0.011788 0.920909 0.067303
3 0.0123154 0.853034 0.134651
3 0.0293708 0.947281 0.0233485
3 0.0165788 0.950618 0.0328031
3 0.0277227 0.94558 0.0266972
3 0.0397922 0.905476 0.0547316
3 0.0116696 0.779698 0.208633
3 0.0295956 0.921737 0.0486669
3 0.0193742 0.570677 0.409948
3 0.0550306 0.917643 0.0273262
3 0.0153658 0.937756 0.0468784
3 0.0313983 0.943412 0.0251901
3 0.0124837 0.894958 0.0925581
3 0.0163702 0.956571 0.0270592
3 0.0218669 0.87078 0.107353
3 0.0416436 0.92547 0.0328859
3 0.0468084 0.925537 0.0276543
3 0.0712467 0.855241 0.073512
3 0.0940162 0.886274 0.0197096
3 0.0406025 0.892911 0.0664867
3 0.0209914 0.90678 0.0722285
3 0.00623987 0.973758 0.0200021
3 0.0654564 0.880488 0.0540557
3 0.0459275 0.929624 0.0244487
3 0.0823067 0.785787 0.131906
3 0.0388736 0.86711 0.0940161
3 0.0318069 0.916023 0.05217
3 0.0229834 0.881304 0.0957128
3 0.00521797 0.974003 0.0207787
3 0.00347617 0.859242 0.137281
3 0.0172006 0.858783 0.124016
3 0.0164881 0.912388 0.0711237
3 0.094909 0.839563 0.0655278
3 0.0507784 0.876276 0.0729451
3 0.0086216 0.950674 0.0407046
3 0.0281323 0.946201 0.0256671
3 0.0454394 0.910371 0.04419
3 0.0364151 0.912921 0.0506644
3 0.0299886 0.952741 0.0172701
3 0.0444746 0.902635 0.0528906
3 0.00667067 0.960971 0.0323585
3 0.0207801 0.880408 0.0988121
3 0.0061973 0.699578 0.294225
3 0.0221251 0.900223 0.0776519
3 0.0528833 0.91793 0.0291871
3 0.0918747 0.884035 0.0240903
3 0.0216832 0.900194 0.0781226
3 0.0126843 0.961131 0.0261848
3 0.00466511 0.820996 0.174339
3 0.0214959 0.962486 0.0160185
3 0.0428843 0.744842 0.212274
3 0.00912503 0.761492 0.229383
3 0.0181545 0.94373 0.0381157
3 0.018504 0.875182 0.106314
3 0.0532625 0.922888 0.0238497
3 0.0234285 0.863346 0.113225
3 0.0293257 0.868191 0.102484
3 0.0140078 0.583762 0.40223
3 0.092402 0.866521 0.0410768
3 0.00920039 0.903082 0.0877175
3 0.414707 0.447425 0.137868
3 0.00685155 0.964223 0.028925
3 0.0258502 0.834698 0.139452
3 0.0324465 0.902982 0.0645719
3 0.039864 0.909915 0.0502213
3 0.0858839 0.894863 0.0192535
3 0.013123 0.591787 0.39509
3 0.0468323 0.871321 0.0818468
3 0.0553865 0.914717 0.0298965
3 0.0409492 0.918579 0.0404717
3 0.0128705 0.939411 0.0477185
3 0.0221574 0.921608 0.0562345
3 0.0165025 0.92276 0.0607377
3 0.0299433 0.928535 0.0415215
3 0.00422237 0.897999 0.0977784
3 0.0483247 0.898137 0.0535382
3 0.0600546 0.862513 0.0774326
3 0.0417005 0.883519 0.0747804
3 0.00614312 0.952422 0.0414352
3 0.0838968 0.741113 0.17499
3 0.00683057 0.70688 0.286289
3 0.0953241 0.800325 0.104351
3 0.0294972 0.877984 0.0925187
3 0.0425571 0.6755 0.281943
3 0.0224825 0.795593 0.181925
3 0.0207737 0.876874 0.102352
3 0.0186401 0.961933 0.0194266
3 0.0171777 0.94732 0.0355018
3 0.022971 0.958459 0.0185702
3 0.0072947 0.964323 0.0283818
3 0.0243221 0.685369 0.290308
3 0.0298341 0.817545 0.152621
3 0.0322018 0.924474 0.0433244
3 0.0336104 0.918331 0.0480587
3 0.0117245 0.930539 0.0577364
3 0.00604477 0.890979 0.102976
3 0.0628622 0.843775 0.0933623
3 0.0438298 0.90589 0.0502798
3 0.027612 0.927187 0.0452011
3 0.0194305 0.948947 0.0316225
3 0.0217417 0.940738 0.0375202
3 0.0680219 0.903436 0.0285426
3 0.0182658 0.892167 0.0895673
3 0.0491309 0.918913 0.0319566
3 0.0419834 0.898191 0.0598258
3 0.0104207 0.921521 0.0680578
3 0.0185129 0.907321 0.0741661
3 0.011611 0.821915 0.166474
3 0.0217334 0.906297 0.0719694
3 0.0148169 0.800556 0.184627
3 0.00765536 0.86368 0.128665
3 0.0252418 0.789059 0.185699
3 0.0938967 0.728933 0.17717
3 0.032357 0.940353 0.0272904
3 0.0415646 0.898644 0.0597911
3 0.0243252 0.889977 0.0856977
3 0.0913549 0.548624 0.360021
3 0.0634626 0.887818 0.048719
3 0.0634862 0.90307 0.0334443
3 0.0345695 0.895853 0.069577
3 0.0603629 0.901638 0.0379992
3 0.0250155 0.673297 0.301688
1 0.0363394 0.287094 0.676567
1 0.014426 0.444967 0.540607
1 0.0389853 0.0258547 0.93516
1 0.03249 0.0523397 0.91517
1 0.301494 0.0674523 0.631053
1 0.0322641 0.0393922 0.928344
1 0.0760401 0.152796 0.771164
1 0.0189501 0.0436235 0.937426
1 0.0917037 0.0158999 0.892396
3 0.0348957 0.515427 0.449677
3 0.0445968 0.603369 0.352034
1 0.0604843 0.109042 0.830474
1 0.0168456 0.0203363 0.962818
1 0.0137984 0.0146639 0.971538
1 0.0651618 0.0143405 0.920498
1 0.102232 0.0183737 0.879394
1 0.00950322 0.163519 0.826977
1 0.0437665 0.0522982 0.903935
1 0.0362555 0.47236 0.491385
1 0.100483 0.0747193 0.824798
1 0.284108 0.163242 0.55265
1 0.0871991 0.0600533 0.852748
3 0.0603685 0.647252 0.29238
2 0.664021 0.174378 0.161601
3 0.0458856 0.859736 0.0943783
1 0.0817831 0.104928 0.813289
1 0.0326434 0.182033 0.785323
2 0.605677 0.284053 0.11027
3 0.258125 0.708258 0.033617
2 0.973497 0.002072 0.0244307
2 0.983285 0.00141455 0.0153002
3 0.137585 0.771435 0.09098
3 0.27193 0.402097 0.325973
3 0.130021 0.793885 0.0760949
2 0.97473 0.00927947 0.0159901
2 0.65951 0.0254716 0.315018
3 0.145272 0.492884 0.361844
3 0.184596 0.572381 0.243023
1 0.1539 0.192391 0.653709
3 0.0622793 0.778138 0.159583
3 0.0928061 0.781991 0.125202
2 0.987573 0.00305875 0.00936795
2 0.752424 0.189168 0.0584084
2 0.860235 0.0212779 0.118487
3 0.127512 0.627139 0.245349
2 0.55436 0.401655 0.0439847
1 0.264954 0.215632 0.519415
2 0.88353 0.00750622 0.108963
2 0.763218 0.0558877 0.180894
1 0.361673 0.249344 0.388984
3 0.223507 0.441622 0.334871
3 0.136693 0.819041 0.0442657
1 0.0958674 0.247612 0.656521
2 0.828195 0.051701 0.120104
2 0.663474 0.0236222 0.312904
2 0.901567 0.071214 0.0272185
3 0.376252 0.563634 0.060114
3 0.0332932 0.858509 0.108198
3 0.264909 0.637972 0.0971195
3 0.0339079 0.75977 0.206322
2 0.95437 0.00103828 0.0445913
2 0.571276 0.204231 0.224493
2 0.462573 0.183771 0.353656
1 0.0848361 0.448534 0.46663
3 0.131274 0.749382 0.119344
2 0.935471 0.0137656 0.0507632
2 0.862386 0.0712622 0.0663514
1 0.241368 0.13642 0.622213
3 0.215928 0.643981 0.140091
2 0.477987 0.41887 0.103144
3 0.301411 0.666145 0.0324442
2 0.723858 0.198404 0.0777376
1 0.137642 0.277856 0.584502
3 0.187752 0.697907 0.114341
2 0.470395 0.430786 0.0988189
2 0.547585 0.357984 0.094431
3 0.306812 0.608736 0.0844515
1 0.323424 0.0463604 0.630215
3 0.141803 0.836155 0.0220415
3 0.334121 0.605559 0.06032
3 0.232381 0.73293 0.0346894
3 0.0467198 0.780659 0.172621
2 0.737291 0.0945569 0.168152
1 0.206542 0.191318 0.60214
3 0.143259 0.803184 0.0535569
2 0.839952 0.0791704 0.0808773
2 0.750336 0.196867 0.0527966
3 0.319766 0.478036 0.202198
2 0.991355 0.00712672 0.0015183
2 0.807157 0.131508 0.0613343
3 0.301103 0.530515 0.168381
2 0.59622 0.278289 0.12549
2 0.6958 0.301736 0.00246376
3 0.210428 0.666713 0.122859
2 0.845866 0.0586978 0.0954362
2 0.830294 0.119427 0.0502797
2 0.836996 0.00215824 0.160846
1 0.327013 0.21145 0.461537
1 0.205734 0.0862298 0.708036
1 0.349736 0.252622 0.397642
2 0.767408 0.181968 0.0506245
3 0.0838805 0.838229 0.0778903
3 0.153083 0.68958 0.157337
3 0.232987 0.69188 0.0751326
1 0.220194 0.166111 0.613695
1 0.203082 0.0750059 0.721913
3 0.048063 0.69197 0.259967
2 0.860119 0.0747995 0.0650819
2 0.883029 0.0417001 0.0752708
2 0.995453 0.00218437 0.00236219
3 0.195856 0.699336 0.104808
2 0.509254 0.107932 0.382814
2 0.975258 0.00648373 0.0182584
1 0.391732 0.0514019 0.556866
3 0.0540143 0.817304 0.128681
1 0.192693 0.0822602 0.725047
3 0.243375 0.427337 0.329287
1 0.161429 0.311764 0.526806
3 0.145574 0.593161 0.261265
2 0.907514 0.0582409 0.0342456
1 0.14779 0.121199 0.731011
3 0.0361575 0.872628 0.0912144
3 0.152408 0.611001 0.236591
3 0.192568 0.650684 0.156748
3 0.366109 0.62352 0.0103708
3 0.015701 0.93708 0.0472195
3 0.103358 0.786614 0.110028
3 0.0343921 0.902345 0.0632624
3 0.0415508 0.888789 0.0696598
3 0.0718777 0.700906 0.227216
3 0.0734927 0.745481 0.181027
1 0.0414478 0.341764 0.616788
1 0.0901492 0.267461 0.64239
1 0.0191099 0.00611065 0.974779
1 0.247216 0.164679 0.588106
2 0.358998 0.295378 0.345624
2 0.916799 0.00515448 0.0780469
2 0.790592 0.11095 0.0984576
3 0.216182 0.766371 0.0174468
1 0.132187 0.131633 0.736179
3 0.162685 0.529607 0.307708
3 0.0359223 0.805678 0.1584
1 0.063907 0.335498 0.600595
3 0.352101 0.359454 0.288445
3 0.118755 0.713979 0.167266
2 0.773389 0.12708 0.0995304
3 0.0395656 0.739324 0.221111
3 0.186767 0.779523 0.03371
3 0.0296754 0.837092 0.133233
3 0.0197364 0.939643 0.0406202
3 0.233595 0.750138 0.0162667
3 0.0459452 0.84777 0.106285
3 0.0247283 0.570054 0.405218
3 0.0460639 0.740675 0.213261
3 0.144912 0.809248 0.0458402
3 0.14023 0.48641 0.373361
3 0.02407 0.71139 0.26454
3 0.047957 0.743968 0.208075
3 0.047957 0.743968 0.208075
3 0.0625103 0.759421 0.178069
2 0.557203 0.115132 0.327665
3 0.0571967 0.745175 0.197628
3 0.141251 0.712565 0.146183
2 0.711269 0.065814 0.222917
3 0.239072 0.628524 0.132404
2 0.416486 0.398818 0.184696
3 0.0639003 0.857476 0.0786242
3 0.358802 0.368385 0.272813
3 0.168675 0.806355 0.0249701
3 0.0835008 0.726788 0.189711
3 0.0406465 0.859152 0.100201
1 0.0684906 0.0633553 0.868154
3 0.056841 0.744044 0.199115
3 0.0730902 0.818754 0.108156
3 0.0730902 0.818754 0.108156
3 0.132164 0.801799 0.0660371
3 0.0889509 0.874193 0.036856
2 0.627647 0.200216 0.172137
3 0.0318155 0.943485 0.024699
3 0.0418784 0.827598 0.130523
3 0.0375215 0.753651 0.208828
2 0.482499 0.36267 0.154831
3 0.13197 0.730215 0.137814
1 0.0796363 0.116806 0.803557
3 0.0328125 0.828671 0.138517
3 0.0217897 0.92836 0.0498505
3 0.0511867 0.918438 0.0303749
2 0.477485 0.357111 0.165404
3 0.0642396 0.686225 0.249535
1 0.422857 0.0896288 0.487514
2 0.72961 0.123884 0.146506
3 0.0519319 0.70557 0.242498
2 0.673362 0.15728 0.169359
2 0.608046 0.229905 0.162049
3 0.284876 0.434284 0.280839
3 0.0102185 0.957612 0.0321693
3 0.147424 0.673218 0.179358
3 0.0439981 0.724145 0.231857
3 0.0432536 0.836316 0.12043
3 0.0948204 0.573567 0.331613
3 0.0574259 0.787914 0.15466
3 0.0724881 0.778205 0.149307
1 0.26115 0.150149 0.588701
3 0.0179324 0.864702 0.117366
3 0.00719699 0.985464 0.00733931
3 0.160451 0.509298 0.330251
3 0.0522294 0.820996 0.126774
2 0.909429 0.0301726 0.060398
3 0.0399204 0.910653 0.049427
3 0.0375701 0.68084 0.28159
1 0.0649479 0.431673 0.503379
3 0.14614 0.783174 0.0706859
1 0.299689 0.212252 0.488059
3 0.0394972 0.924242 0.036261
3 0.0194602 0.943508 0.0370317
2 0.895965 0.0280287 0.0760067
3 0.0652632 0.791741 0.142996
3 0.0383132 0.815625 0.146062
1 0.289517 0.141067 0.569416
3 0.0307641 0.646902 0.322334
3 0.00359918 0.988067 0.00833376
3 0.225737 0.720553 0.0537106
2 0.584284 0.0437288 0.371987
3 0.0303931 0.705708 0.263899
1 0.280918 0.0695606 0.649521
3 0.0833182 0.766336 0.150345
3 0.0191948 0.922565 0.0582399
3 0.265607 0.6897 0.0446928
3 0.46383 0.48613 0.0500399
1 0.187203 0.315679 0.497118
2 0.549459 0.252765 0.197775
3 0.0292844 0.81819 0.152526
3 0.0406033 0.700296 0.259101
2 0.805139 0.125437 0.0694235
1 0.328051 0.236376 0.435573
3 0.132668 0.568649 0.298683
3 0.0307427 0.950721 0.0185364
3 0.204775 0.67066 0.124565
1 0.0546342 0.190003 0.755363
3 0.00345069 0.990637 0.00591276
3 0.092717 0.742209 0.165074
3 0.160918 0.743396 0.0956852
1 0.0741515 0.10366 0.822189
1 0.340642 0.267086 0.392271
3 0.0393579 0.895815 0.064827
2 0.39494 0.310976 0.294084
3 0.0815818 0.750991 0.167427
2 0.557786 0.223851 0.218364
3 0.0291842 0.825974 0.144842
3 0.0427015 0.728003 0.229295
1 0.172593 0.109725 0.717682
3 0.0441325 0.781226 0.174642
2 0.71244 0.205281 0.082279
1 0.257196 0.0525865 0.690218
3 0.133822 0.439314 0.426864
2 0.867487 0.0269938 0.10552
3 0.286469 0.547585 0.165945
1 0.0799124 0.435881 0.484207
3 0.219068 0.706356 0.0745762
3 0.195018 0.459952 0.34503
1 0.280129 0.312654 0.407217
1 0.0978718 0.0205857 0.881543
3 0.0319407 0.833849 0.134211
1 0.129191 0.0788026 0.792006
1 0.0828792 0.0684458 0.848675
1 0.284269 0.0354974 0.680234
3 0.024901 0.895668 0.0794315
3 0.160249 0.6813 0.158451
1 0.109086 0.337837 0.553076
3 0.0630872 0.772194 0.164719
3 0.0784479 0.785383 0.136169
1 0.259321 0.250651 0.490029
2 0.863362 0.0880445 0.0485932
3 0.041725 0.897785 0.0604901
2 0.723205 0.0142851 0.26251
2 0.516484 0.117156 0.366359
1 0.0941175 0.15619 0.749692
1 0.118229 0.332763 0.549009
2 0.475642 0.161705 0.362654
1 0.388492 0.123654 0.487854
1 0.176547 0.234643 0.58881
1 0.118772 0.0183338 0.862894
1 0.0293173 0.0771912 0.893492
3 0.0317174 0.800303 0.16798
3 0.0552309 0.495179 0.44959
1 0.0672502 0.102128 0.830621
1 0.131109 0.0926942 0.776197
1 0.245286 0.132186 0.622528
2 0.484248 0.46344 0.0523121
2 0.611225 0.248216 0.140559
1 0.181589 0.0378442 0.780567
3 0.0510615 0.5332 0.415739
3 0.0510615 0.5332 0.415739
1 0.125747 0.014075 0.860178
3 0.131451 0.803619 0.0649304
2 0.423799 0.281588 0.294613
2 0.423799 0.281588 0.294613
3 0.0216082 0.500626 0.477766
3 0.0284054 0.688021 0.283574
3 0.0667444 0.831155 0.102101
1 0.132689 0.0601412 0.80717
1 0.232264 0.116313 0.651423
1 0.133858 0.0192064 0.846935
1 0.150544 0.139765 0.709691
1 0.0636706 0.0194586 0.916871
1 0.416945 0.118244 0.464811
3 0.0615268 0.756809 0.181664
3 0.148166 0.687652 0.164183
1 0.17363 0.0825976 0.743772
1 0.278997 0.266839 0.454164
2 0.624561 0.023897 0.351542
2 0.989676 0.00025849 0.010066
1 0.195526 0.0384324 0.766041
1 0.0786386 0.0674068 0.853955
1 0.133133 0.196578 0.670289
3 0.0522565 0.606729 0.341014
1 0.301665 0.0720933 0.626242
3 0.0223917 0.910704 0.0669043
1 0.0869159 0.311819 0.601265
3 0.0088235 0.96915 0.0220262
1 0.156667 0.0440399 0.799293
3 0.0263229 0.78244 0.191237
1 0.0394698 0.29222 0.668311
1 0.0193185 0.183183 0.797498
3 0.132587 0.68059 0.186823
1 0.106997 0.136174 0.75683
3 0.077706 0.842788 0.0795056
3 0.0955788 0.807155 0.0972658
1 0.0783338 0.166339 0.755327
2 0.439985 0.404708 0.155307
1 0.153227 0.00564677 0.841126
2 0.548139 0.116427 0.335434
3 0.0310512 0.817757 0.151192
1 0.144527 0.0422356 0.813238
2 0.648651 0.170988 0.180361
3 0.142075 0.663125 0.1948
3 0.130019 0.614584 0.255397
3 0.124918 0.554551 0.320531
2 0.970494 0.0148343 0.0146717
3 0.0598223 0.751127 0.189051
2 0.911251 0.00203873 0.0867106
2 0.985798 0.00415993 0.0100424
1 0.206978 0.112745 0.680278
2 0.603941 0.0374931 0.358566
3 0.103369 0.611572 0.285059
1 0.185633 0.0955462 0.718821
1 0.450085 0.0296681 0.520246
2 0.908145 0.00691458 0.0849405
2 0.555801 0.0738795 0.370319
2 0.545677 0.364482 0.0898416
3 0.0345798 0.802078 0.163342
1 0.24543 0.00614529 0.748425
1 0.465114 0.0392835 0.495602
1 0.415755 0.0366301 0.547615
1 0.0755892 0.255227 0.669184
3 0.0688008 0.537768 0.393431
3 0.0974959 0.693639 0.208865
1 0.181194 0.000703894 0.818103
1 0.437404 0.0842632 0.478332
2 0.841289 0.0169162 0.141794
3 0.159755 0.563061 0.277183
3 0.241249 0.58142 0.177331
3 0.286739 0.431318 0.281943
2 0.455487 0.437783 0.10673
3 0.0891252 0.595129 0.315746
2 0.843744 0.0702606 0.0859949
2 0.843744 0.0702606 0.0859949
3 0.0372946 0.940419 0.0222868
1 0.0700418 0.246513 0.683445
1 0.0709809 0.385122 0.543897
1 0.0806877 0.271691 0.647621
3 0.0587308 0.881816 0.0594531
1 0.148378 0.05651 0.795112
3 0.201107 0.593142 0.205751
3 0.0360682 0.693944 0.269988
2 0.499135 0.367351 0.133514
3 0.0525192 0.801749 0.145732
1 0.030733 0.117825 0.851442
3 0.0873859 0.834567 0.0780472
1 0.209672 0.224354 0.565974
3 0.0493721 0.676946 0.273682
1 0.0721146 0.316723 0.611163
3 0.0789774 0.797991 0.123032
2 0.743302 0.112397 0.144301
3 0.0898808 0.794505 0.115614
3 0.0418225 0.65654 0.301638
3 0.0768451 0.90078 0.0223746
1 0.0278475 0.0455358 0.926617
3 0.100755 0.644292 0.254953
3 0.054543 0.764329 0.181128
3 0.0707564 0.604585 0.324658
3 0.399002 0.400668 0.200331
1 0.255942 0.26563 0.478428
3 0.00863146 0.813424 0.177944
1 0.21507 0.269912 0.515018
1 0.0248839 0.211508 0.763608
3 0.047945 0.854696 0.0973591
1 0.465023 0.00259671 0.532381
2 0.461574 0.210303 0.328123
3 0.0590712 0.74929 0.191639
3 0.0418117 0.884524 0.0736646
3 0.0572703 0.787394 0.155336
3 0.051114 0.749235 0.199651
3 0.0502342 0.872954 0.0768115
3 0.0752064 0.832179 0.092615
3 0.232194 0.589397 0.178409
3 0.331288 0.336903 0.33181
3 0.0406905 0.78955 0.16976
3 0.0806865 0.514678 0.404636
2 0.907691 0.0564137 0.0358948
1 0.0898785 0.173199 0.736922
3 0.0407479 0.877433 0.0818186
3 0.152093 0.725059 0.122849
1 0.00647921 0.0997914 0.893729
3 0.299257 0.627656 0.0730873
3 0.0524629 0.922208 0.0253287
3 0.0594176 0.747793 0.19279
3 0.270737 0.542046 0.187218
3 0.0211497 0.939189 0.0396613
2 0.546218 0.358302 0.0954799
3 0.127005 0.626421 0.246574
2 0.668591 0.160671 0.170738
3 0.0393413 0.897709 0.0629498
3 0.212234 0.517585 0.270181
3 0.253766 0.636254 0.10998
3 0.23279 0.668376 0.0988346
3 0.0677717 0.700448 0.23178
1 0.370179 0.236032 0.393788
3 0.10426 0.732486 0.163253
3 0.0432677 0.873835 0.0828974
3 0.0575061 0.720988 0.221506
1 0.239734 0.218531 0.541735
3 0.0509565 0.671287 0.277756
3 0.0366093 0.833431 0.129959
3 0.0128967 0.904302 0.0828013
3 0.0380791 0.708455 0.253466
3 0.0479981 0.724885 0.227117
1 0.163745 0.114445 0.72181
3 0.01711 0.795681 0.187209
3 0.0746515 0.706161 0.219188
1 0.16073 0.0474116 0.791858
3 0.18382 0.803984 0.0121967
1 0.0652902 0.186025 0.748685
2 0.614762 0.250226 0.135011
3 0.0370104 0.793832 0.169158
3 0.119838 0.698949 0.181212
3 0.0282103 0.679641 0.292149
1 0.0685887 0.209448 0.721963
3 0.068423 0.86091 0.0706671
1 0.11683 0.352092 0.531078
2 0.913409 0.0814121 0.00517874
3 0.0343127 0.742841 0.222846
1 0.0735933 0.0965477 0.829859
1 0.225924 0.0103526 0.763724
3 0.0266731 0.955983 0.0173442
3 0.0238074 0.909609 0.0665832
3 0.267203 0.587241 0.145556
1 0.281151 0.0729717 0.645877
3 0.137561 0.610651 0.251788
1 0.103328 0.260079 0.636593
1 0.322853 0.00835597 0.668791
3 0.0295165 0.713692 0.256791
2 0.600816 0.263148 0.136037
1 0.192255 0.220274 0.587471
1 0.124042 0.28522 0.590737
2 0.622804 0.101269 0.275928
1 0.0573801 0.107974 0.834645
1 0.237839 0.207352 0.554809
1 0.0500503 0.00499984 0.94495
1 0.0572769 0.362523 0.5802
3 0.0916806 0.710367 0.197953
1 0.274996 0.0694619 0.655542
1 0.0851536 0.0313096 0.883537
3 0.0837774 0.600318 0.315904
3 0.261064 0.468197 0.270739
1 0.142912 0.0563277 0.800761
1 0.0395225 0.212382 0.748096
1 0.0408026 0.466671 0.492527
1 0.392099 0.00119699 0.606704
3 0.209218 0.630993 0.159789
1 0.0480524 0.00534923 0.946598
1 0.162647 0.128065 0.709288
2 0.86631 0.126174 0.00751611
1 0.0564329 0.100377 0.84319
1 0.059853 0.135893 0.804254
1 0.0386944 0.00948969 0.951816
1 0.358672 0.130202 0.511126
1 0.182631 0.145593 0.671776
1 0.101142 0.0647345 0.834123
3 0.108358 0.735192 0.15645
3 0.0586178 0.586408 0.354974
1 0.245198 0.113308 0.641494
1 0.16569 0.0992438 0.735066
1 0.128059 0.0562846 0.815656
1 0.029421 0.00820616 0.962373
1 0.134366 0.00126225 0.864372
1 0.0330542 0.229042 0.737903
3 0.0498733 0.532264 0.417862
1 0.0445126 0.475463 0.480024
1 0.027803 0.102551 0.869646
3 0.0799192 0.754933 0.165147
1 0.368725 0.0290348 0.60224
1 0.0103431 0.316192 0.673465
3 0.0990928 0.800169 0.100738
1 0.0714492 0.161416 0.767135
1 0.0234888 0.056835 0.919676
1 0.237867 0.0338994 0.728233
1 0.0366871 0.164629 0.798684
3 0.145245 0.467061 0.387694
1 0.0310394 0.0124589 0.956502
1 0.0933957 0.0942005 0.812404
3 0.0603349 0.65547 0.284195
2 0.743344 0.0482763 0.208379
1 0.044078 0.0845525 0.87137
1 0.231529 0.0358364 0.732635
1 0.05182 0.0458802 0.9023
3 0.136355 0.770296 0.0933489
1 0.0165365 0.00501082 0.978453
1 0.0670598 0.369172 0.563768
1 0.072945 0.333944 0.593111
1 0.017703 0.305917 0.67638
3 0.129895 0.573335 0.296769
1 0.0398776 0.0879304 0.872192
3 0.203051 0.680551 0.116398
1 0.017029 0.318891 0.66408
1 0.00651351 0.172323 0.821163
1 0.248264 0.240798 0.510937
1 0.0600483 0.0785696 0.861382
1 0.0845979 0.145542 0.769861
3 0.0207591 0.76806 0.211181
3 0.0164539 0.627903 0.355643
1 0.0440981 0.0173586 0.938543
1 0.314422 0.118973 0.566606
1 0.058451 0.364642 0.576907
2 0.567573 0.0312464 0.40118
3 0.142741 0.737267 0.119992
1 0.00364718 0.105057 0.891296
2 0.690314 0.0478539 0.261832
1 0.0883784 0.367445 0.544177
1 0.0445487 0.122431 0.83302
1 0.0498331 0.0402614 0.909906
1 0.252212 0.271026 0.476762
1 0.175357 0.0342857 0.790358
1 0.10086 0.100756 0.798384
1 0.394502 0.0649201 0.540578
3 0.146063 0.434174 0.419763
3 0.137412 0.583522 0.279066
1 0.0331633 0.264543 0.702294
1 0.223568 0.00450798 0.771924
2 0.759865 0.0600523 0.180083
1 0.0702663 0.00564392 0.92409
1 0.036682 0.00194899 0.961369
1 0.0892237 0.159502 0.751275
3 0.0860768 0.790241 0.123683
1 0.0174334 0.0481385 0.934428
3 0.0181491 0.560819 0.421031
3 0.0239834 0.521337 0.45468
2 0.483809 0.335844 0.180347
1 0.0522208 0.340737 0.607042
1 0.411238 0.0567522 0.53201
2 0.698402 0.211512 0.0900869
1 0.399262 0.139033 0.461704
1 0.0662331 0.057258 0.876509
1 0.191561 0.141801 0.666638
2 0.602914 0.36329 0.0337962
1 0.0820873 0.244084 0.673828
3 0.29079 0.486345 0.222865
3 0.133552 0.687153 0.179295
3 0.228343 0.591099 0.180557
1 0.320295 0.130294 0.549412
1 0.327995 0.137022 0.534982
1 0.0267607 0.142531 0.830708
1 0.0687246 0.0759372 0.855338
3 0.0499391 0.689347 0.260714
3 0.161155 0.720586 0.11826
3 0.20357 0.551248 0.245182
3 0.0178315 0.847709 0.134459
1 0.0563822 0.436627 0.506991
3 0.0149441 0.814703 0.170353
3 0.218374 0.575051 0.206574
1 0.152298 0.0960341 0.751667
3 0.0693575 0.751541 0.179102
3 0.357057 0.415005 0.227939
1 0.179318 0.0474824 0.7732
1 0.241773 0.28363 0.474596
1 0.258572 0.339661 0.401767
3 0.140286 0.580019 0.279695
1 0.111956 0.441815 0.446229
3 0.111101 0.480658 0.408241
3 0.0956975 0.740952 0.16335
1 0.0141203 0.256659 0.72922
3 0.0489638 0.682918 0.268118
2 0.469345 0.153182 0.377474
3 0.0786731 0.660769 0.260557
3 0.0149589 0.740427 0.244614
1 0.139037 0.0975419 0.763421
1 0.0157884 0.437673 0.546539
3 0.0735289 0.492194 0.434277
3 0.0318833 0.680383 0.287734
3 0.0157229 0.552361 0.431916
3 0.0668022 0.71303 0.220168
3 0.0545643 0.67431 0.271126
3 0.0168403 0.844661 0.138499
1 0.029457 0.193204 0.777339
3 0.0460176 0.618714 0.335269
1 0.205776 0.0790474 0.715177
3 0.0458073 0.761959 0.192234
1 0.0587429 0.431433 0.509824
1 0.45521 0.0634083 0.481382
3 0.0625513 0.792944 0.144504
1 0.0157186 0.0979579 0.886324
3 0.0211602 0.637253 0.341587
1 0.0163718 0.0597966 0.923832
3 0.026981 0.809267 0.163752
1 0.0390232 0.128027 0.832949
1 0.00957455 0.400102 0.590324
3 0.111069 0.504745 0.384186
1 0.0124003 0.319508 0.668091
1 0.0490731 0.0721271 0.8788
3 0.0191753 0.547046 0.433779
3 0.0741923 0.723409 0.202398
3 0.0510546 0.857267 0.0916788
3 0.066385 0.572676 0.360939
3 0.0227832 0.667949 0.309267
3 0.0310209 0.628546 0.340433
3 0.0356903 0.707897 0.256413
3 0.0310139 0.613648 0.355338
3 0.0722365 0.474961 0.452803
1 0.0567186 0.171535 0.771746
1 0.0903382 0.0621031 0.847559
3 0.0492162 0.722476 0.228308
3 0.0766011 0.567847 0.355552
3 0.0794179 0.847453 0.0731286
3 0.254437 0.550951 0.194612
3 0.0303669 0.874602 0.0950307
3 0.0235204 0.492162 0.484317
3 0.0721223 0.729213 0.198664
3 0.0228027 0.771493 0.205704
3 0.0517174 0.672965 0.275318
3 0.0838132 0.707876 0.208311
3 0.0460019 0.804629 0.149369
3 0.0331843 0.788576 0.17824
3 0.0410007 0.63532 0.323679
1 0.00675468 0.00260822 0.990637
3 0.0453478 0.502263 0.452389
3 0.0361793 0.733416 0.230405
2 0.537766 0.282072 0.180163
3 0.0103131 0.869085 0.120602
3 0.0297094 0.741616 0.228675
3 0.0370499 0.735502 0.227448
1 0.0318484 0.109881 0.858271
1 0.0905857 0.450093 0.459322
3 0.079718 0.655377 0.264905
3 0.0312917 0.852025 0.116683
3 0.0509885 0.805088 0.143924
1 0.240638 0.200092 0.55927
3 0.0627381 0.8147 0.122562
3 0.0236332 0.87645 0.0999168
3 0.023499 0.717944 0.258557
3 0.0329354 0.714114 0.25295
3 0.0255251 0.702544 0.271931
2 0.476412 0.0950353 0.428553
1 0.0981985 0.292829 0.608972
3 0.025862 0.698306 0.275832
3 0.0171536 0.782637 0.200209
1 0.0739554 0.110173 0.815872
3 0.0280382 0.815561 0.156401
3 0.0509433 0.768392 0.180665
3 0.0509433 0.768392 0.180665
3 0.096469 0.851177 0.0523543
3 0.0128375 0.82933 0.157833
3 0.0217292 0.94871 0.029561
3 0.0276843 0.864597 0.107719
3 0.00572765 0.769585 0.224687
3 0.039046 0.914928 0.0460259
3 0.0213452 0.881373 0.0972818
3 0.0122581 0.971801 0.0159408
3 0.0563407 0.892099 0.0515604
3 0.0442285 0.891425 0.0643465
3 0.0849933 0.747961 0.167046
3 0.0374722 0.841259 0.121268
3 0.0439061 0.753451 0.202643
3 0.0139748 0.92171 0.0643154
3 0.0371577 0.916492 0.0463499
3 0.0907628 0.772878 0.136359
3 0.0344311 0.913682 0.0518871
3 0.0193725 0.88758 0.0930471
3 0.0425649 0.882627 0.0748077
3 0.0410308 0.911373 0.047596
3 0.0613147 0.905168 0.0335169
3 0.0743669 0.82605 0.0995828
3 0.0216105 0.924164 0.0542259
3 0.0561241 0.811537 0.132339
3 0.0823188 0.862753 0.0549286
3 0.0154602 0.943599 0.0409412
3 0.0180064 0.917865 0.0641281
3 0.0573837 0.904483 0.0381335
3 0.0596474 0.881282 0.0590703
3 0.0263535 0.888004 0.0856425
3 0.0196173 0.96648 0.0139028
3 0.0192355 0.924095 0.05667
3 0.0296361 0.901087 0.0692772
3 0.0337482 0.896061 0.0701913
3 0.0321385 0.918464 0.0493973
3 0.0250064 0.944227 0.0307662
3 0.0265302 0.836237 0.137233
3 0.0249295 0.932433 0.0426373
