labels 2 3 1
2 0.989964 0.00640938 0.0036264
2 0.984401 0.00419185 0.0114068
2 0.834832 0.0368014 0.128367
3 0.363342 0.504905 0.131753
2 0.989443 0.0038814 0.00667512
2 0.923765 0.0610556 0.0151799
3 0.0743524 0.747557 0.178091
3 0.111733 0.862252 0.0260145
3 0.138764 0.481597 0.37964
3 0.0430728 0.878276 0.0786508
1 0.0148725 0.451176 0.533951
3 0.48655 0.490148 0.0233021
3 0.076672 0.838817 0.0845113
3 0.0287209 0.956879 0.0144001
3 0.0406696 0.888205 0.0711251
3 0.0390469 0.9084 0.052553
3 0.0838569 0.849961 0.0661824
3 0.0300453 0.915482 0.0544728
3 0.0513645 0.884107 0.0645281
3 0.0512124 0.894409 0.054379
3 0.0428586 0.904175 0.0529669
3 0.0686568 0.81697 0.114373
3 0.0477867 0.872978 0.0792353
3 0.0205811 0.937386 0.0420325
3 0.0433113 0.889216 0.067473
3 0.0353573 0.777737 0.186905
3 0.0353573 0.777737 0.186905
3 0.0475315 0.797933 0.154535
3 0.0349138 0.904396 0.0606907
3 0.0628789 0.836207 0.100914
3 0.0714242 0.837147 0.0914286
3 0.0430733 0.866662 0.0902651
3 0.0430733 0.866662 0.0902651
1 0.0163297 0.340048 0.643622
3 0.120037 0.752038 0.127925
3 0.0257067 0.932041 0.0422527
3 0.0478847 0.819091 0.133024
3 0.0170448 0.828271 0.154684
3 0.0794465 0.739018 0.181535
3 0.189707 0.718575 0.0917182
3 0.038756 0.8967 0.0645444
3 0.0466748 0.781979 0.171347
3 0.0394693 0.888422 0.0721089
3 0.0326138 0.854378 0.113008
3 0.0599058 0.845516 0.0945785
3 0.0478335 0.904923 0.0472431
3 0.0369038 0.892455 0.070641
3 0.0369038 0.892455 0.070641
3 0.0369038 0.892455 0.070641
3 0.0943684 0.803161 0.102471
3 0.036766 0.877905 0.0853288
3 0.0704371 0.84406 0.0855025
3 0.0550811 0.880896 0.0640228
3 0.036468 0.913958 0.0495738
3 0.0210297 0.841584 0.137386
3 0.0564389 0.791245 0.152316
3 0.0412384 0.842113 0.116649
3 0.0769848 0.839279 0.0837361
3 0.0921283 0.793919 0.113953
3 0.0761912 0.828173 0.0956361
3 0.0409756 0.833139 0.125885
3 0.0565652 0.836476 0.106958
3 0.157902 0.632449 0.209649
3 0.0301121 0.923727 0.0461613
3 0.0487395 0.892841 0.0584196
3 0.0474631 0.907286 0.0452513
3 0.0281346 0.783796 0.18807
3 0.0582225 0.815981 0.125796
3 0.133804 0.827734 0.0384618
3 0.036539 0.938604 0.0248569
3 0.018304 0.95537 0.0263258
3 0.0266594 0.866908 0.106433
3 0.0390227 0.886456 0.0745218
3 0.0187695 0.927629 0.0536013
3 0.0266611 0.961107 0.0122317
3 0.0204495 0.953926 0.025624
3 0.023789 0.903643 0.0725681
3 0.0226099 0.910395 0.0669955
3 0.0697403 0.797097 0.133162
3 0.0287707 0.943653 0.0275759
3 0.0230251 0.938066 0.0389093
3 0.0415692 0.880711 0.0777194
3 0.0233527 0.923114 0.053533
3 0.00401481 0.628081 0.367905
3 0.0410846 0.849979 0.108936
3 0.0905055 0.854305 0.0551894
3 0.0476324 0.90767 0.0446975
3 0.0780737 0.901638 0.0202884
3 0.197023 0.406593 0.396384
3 0.065754 0.856036 0.07821
3 0.0433224 0.871761 0.0849167
3 0.0774168 0.843906 0.0786775
3 0.0285287 0.932725 0.0387462
3 0.0531322 0.871506 0.0753615
3 0.052989 0.866597 0.0804136
3 0.052989 0.866597 0.0804136
3 0.04875 0.923683 0.027567
3 0.0340098 0.912448 0.0535421
3 0.0989735 0.784328 0.116699
3 0.035556 0.942899 0.0215448
3 0.0455997 0.866244 0.0881566
3 0.0513366 0.856522 0.092141
3 0.0702349 0.901043 0.0287218
3 0.0485332 0.915728 0.035739
3 0.0477232 0.885169 0.0671074
3 0.0519571 0.927418 0.0206254
3 0.0703698 0.910071 0.0195589
3 0.0345337 0.907473 0.0579933
3 0.0469915 0.917336 0.0356722
3 0.0375119 0.833957 0.128532
3 0.039218 0.848376 0.112406
3 0.0137312 0.926169 0.0600997
3 0.0325905 0.948445 0.0189647
3 0.0576112 0.916578 0.0258105
3 0.055164 0.923912 0.0209235
3 0.0475798 0.942229 0.0101909
3 0.0173846 0.724807 0.257808
3 0.0267304 0.914296 0.0589739
3 0.0513982 0.878562 0.0700394
3 0.0646603 0.837541 0.0977987
3 0.0208441 0.881092 0.0980634
3 0.0961782 0.816436 0.0873857
3 0.0550473 0.91894 0.0260127
3 0.036318 0.903025 0.0606574
3 0.00964086 0.901285 0.0890741
3 0.0276585 0.89733 0.0750111
3 0.0633821 0.873461 0.0631569
3 0.0561877 0.836153 0.107659
3 0.0547164 0.855683 0.0896003
3 0.0723278 0.839541 0.0881314
3 0.0406883 0.896749 0.0625622
3 0.045234 0.880696 0.0740697
3 0.0434604 0.809834 0.146705
3 0.148726 0.787837 0.0634374
3 0.016449 0.946458 0.0370927
3 0.0271658 0.919835 0.0529988
3 0.0158349 0.904548 0.0796168
3 0.0474721 0.918131 0.0343965
3 0.0303925 0.919143 0.0504645
3 0.0662362 0.854429 0.0793346
3 0.0550298 0.832521 0.112449
3 0.0643504 0.887432 0.0482172
3 0.0369573 0.906505 0.0565375
3 0.0488974 0.802364 0.148739
3 0.0286967 0.928553 0.0427505
3 0.0261388 0.915774 0.0580874
3 0.0144635 0.870868 0.114668
3 0.0296535 0.92574 0.0446062
3 0.025281 0.918029 0.0566897
3 0.0581425 0.794255 0.147603
3 0.0163442 0.761548 0.222108
3 0.0343126 0.936902 0.0287856
3 0.0343126 0.936902 0.0287856
3 0.0399513 0.931779 0.0282698
3 0.0385128 0.901356 0.0601313
3 0.189097 0.684353 0.126549
3 0.0763705 0.884072 0.0395579
3 0.123139 0.807084 0.069777
3 0.293771 0.665771 0.0404581
3 0.0346427 0.92207 0.0432872
3 0.034232 0.868198 0.0975702
3 0.0303132 0.84339 0.126297
3 0.0355917 0.876951 0.0874575
3 0.0355917 0.876951 0.0874575
3 0.0294798 0.884647 0.0858735
3 0.100726 0.800767 0.0985073
3 0.0421552 0.938196 0.0196483
3 0.0450912 0.895117 0.0597917
3 0.0530014 0.878975 0.0680239
3 0.0491537 0.884396 0.0664503
3 0.0517864 0.882246 0.0659672
3 0.0510589 0.881141 0.0678002
3 0.0477663 0.863514 0.0887194
3 0.0720548 0.824004 0.103941
3 0.0208062 0.897938 0.0812556
3 0.0208062 0.897938 0.0812556
3 0.0704729 0.81196 0.117567
3 0.0557936 0.881922 0.0622846
3 0.0557936 0.881922 0.0622846
3 0.0341096 0.862636 0.103254
3 0.126645 0.749835 0.123519
3 0.0353282 0.928802 0.0358701
3 0.103669 0.861039 0.0352924
3 0.0360392 0.89526 0.0687011
3 0.0243 0.870629 0.105071
3 0.0421851 0.888387 0.0694274
3 0.0146102 0.912642 0.0727479
3 0.099076 0.787067 0.113857
3 0.0551158 0.859393 0.0854912
3 0.0478927 0.894876 0.057231
3 0.0510182 0.909179 0.0398024
3 0.0427963 0.88427 0.0729338
1 0.124988 0.21052 0.664493
1 0.0186148 0.0758683 0.905517
1 0.0910119 0.226914 0.682074
3 0.0183871 0.7025 0.279113
3 0.0251678 0.747621 0.227212
3 0.0217637 0.667632 0.310605
1 0.111329 0.195418 0.693253
1 0.0443023 0.477044 0.478654
3 0.0454148 0.582003 0.372582
3 0.0465149 0.782676 0.170809
1 0.182098 0.0839307 0.733971
3 0.0209175 0.609672 0.369411
1 0.108442 0.119894 0.771664
3 0.187414 0.492947 0.319639
1 0.200166 0.0520049 0.747829
1 0.0622712 0.0290558 0.908673
3 0.0288875 0.606824 0.364289
1 0.0101602 0.236453 0.753387
3 0.311983 0.436507 0.25151
2 0.509441 0.0149749 0.475584
2 0.672054 0.128427 0.19952
1 0.262643 0.0427438 0.694613
1 0.113033 0.0874574 0.799509
2 0.816464 0.0207266 0.162809
2 0.672054 0.128427 0.19952
3 0.419054 0.494162 0.0867835
2 0.447986 0.211953 0.340061
3 0.257674 0.670787 0.0715393
3 0.089031 0.774911 0.136058
3 0.0163852 0.907048 0.0765671
3 0.188144 0.594256 0.2176
1 0.200809 0.36716 0.432031
1 0.0456301 0.349391 0.604979
1 0.0457403 0.322051 0.632209
2 0.430852 0.260963 0.308185
1 0.154114 0.327033 0.518853
1 0.154568 0.117581 0.727851
3 0.057968 0.83394 0.108092
3 0.0338543 0.803804 0.162342
3 0.066741 0.789361 0.143898
3 0.0537075 0.872058 0.0742346
3 0.0553137 0.845487 0.0991994
3 0.0422375 0.850187 0.107575
3 0.0963404 0.775643 0.128016
3 0.0640748 0.831658 0.104267
3 0.0472565 0.822562 0.130182
3 0.0465881 0.896915 0.0564969
3 0.0462121 0.824617 0.129171
3 0.033363 0.772548 0.194089
3 0.0490384 0.872238 0.0787236
3 0.0609902 0.844959 0.0940504
3 0.0459114 0.838454 0.115635
3 0.0548614 0.832552 0.112586
3 0.0425301 0.845586 0.111884
3 0.0231027 0.85876 0.118137
3 0.0531161 0.851093 0.0957905
3 0.0351972 0.869072 0.0957311
3 0.0587151 0.785841 0.155444
3 0.0809458 0.84411 0.0749444
3 0.0256877 0.878427 0.0958855
3 0.0348637 0.899077 0.066059
3 0.0277899 0.797737 0.174473
3 0.0277899 0.797737 0.174473
3 0.106221 0.783271 0.110508
3 0.0370832 0.86282 0.100096
3 0.0397642 0.869421 0.0908152
3 0.072475 0.801373 0.126152
3 0.0213997 0.841977 0.136624
3 0.0672993 0.805076 0.127624
3 0.0230664 0.733748 0.243186
3 0.0641678 0.847787 0.0880453
3 0.0389553 0.924587 0.0364581
3 0.0306987 0.881323 0.087978
3 0.0479511 0.827965 0.124084
3 0.0247065 0.925542 0.0497517
3 0.0829486 0.813933 0.103118
3 0.0566862 0.839757 0.103557
3 0.0267981 0.839355 0.133847
3 0.167572 0.754334 0.0780936
3 0.0484335 0.870602 0.0809642
3 0.0374242 0.892504 0.0700714
3 0.0509282 0.869515 0.0795571
3 0.034333 0.906824 0.0588427
3 0.0335113 0.881607 0.0848816
3 0.0403948 0.909227 0.0503787
3 0.0413688 0.822682 0.135949
3 0.0403176 0.87659 0.0830919
3 0.0395788 0.876235 0.0841859
3 0.038207 0.878691 0.0831018
3 0.0601893 0.897419 0.0423914
3 0.0498257 0.889555 0.0606192
3 0.0525274 0.834971 0.112502
3 0.0413081 0.871353 0.0873391
3 0.0816145 0.816999 0.101386
3 0.0372045 0.727131 0.235665
3 0.0676761 0.830743 0.101581
3 0.0302954 0.910012 0.0596922
3 0.0458896 0.849885 0.104225
3 0.0379883 0.826579 0.135433
3 0.0589566 0.817727 0.123317
3 0.0384198 0.804449 0.157131
1 0.0176004 0.0190685 0.963331
1 0.00205852 0.215158 0.782784
1 0.101448 0.225771 0.672781
3 0.029943 0.593683 0.376374
1 0.0720827 0.0703479 0.857569
1 0.112091 0.0260178 0.861892
3 0.0499199 0.510235 0.439845
1 0.119355 0.199877 0.680768
1 0.0418923 0.149163 0.808945
1 0.0493771 0.373583 0.57704
1 0.0141575 0.469939 0.515903
1 0.0377341 0.440992 0.521274
1 0.0546852 0.187126 0.758189
3 0.0149553 0.705972 0.279072
1 0.0351824 0.16626 0.798558
3 0.0672472 0.590119 0.342634
3 0.0101883 0.596639 0.393173
1 0.185838 0.184213 0.629949
3 0.0589146 0.878633 0.0624522
3 0.0330909 0.912439 0.0544704
3 0.030339 0.89778 0.0718813
3 0.0119107 0.85868 0.129409
3 0.0383431 0.868642 0.093015
3 0.0392909 0.901662 0.0590468
3 0.0443702 0.932965 0.0226653
3 0.0299403 0.918236 0.051824
3 0.0102631 0.913677 0.07606
3 0.0737617 0.878683 0.0475551
3 0.0160903 0.914595 0.0693149
3 0.0294182 0.898552 0.07203
3 0.0303413 0.924142 0.0455169
3 0.0710911 0.858233 0.0706763
3 0.041208 0.861237 0.0975545
3 0.0178313 0.949835 0.0323332
3 0.0285058 0.906016 0.0654784
3 0.0419556 0.901167 0.0568776
3 0.0395527 0.829006 0.131442
3 0.0451459 0.912709 0.0421453
3 0.0192212 0.933177 0.0476016
3 0.0437407 0.884446 0.0718129
3 0.0432735 0.923062 0.0336647
3 0.0550396 0.858229 0.0867319
3 0.0167438 0.872058 0.111198
3 0.0687301 0.872477 0.0587925
3 0.00921926 0.65102 0.33976
3 0.124255 0.792421 0.0833242
3 0.0132774 0.887544 0.0991786
3 0.0148161 0.859429 0.125755
3 0.0437879 0.912902 0.0433106
3 0.0334482 0.92176 0.0447915
3 0.0443827 0.73937 0.216247
3 0.032472 0.945085 0.022443
3 0.022462 0.847202 0.130336
3 0.0331557 0.926915 0.0399295
3 0.091942 0.772604 0.135454
3 0.0276961 0.925165 0.0471389
3 0.0129061 0.881389 0.105705
3 0.0216727 0.885068 0.0932593
3 0.0127832 0.94841 0.0388071
3 0.0298411 0.920563 0.0495957
3 0.0555529 0.901072 0.0433753
3 0.0366276 0.78113 0.182242
3 0.0894966 0.810557 0.0999464
3 0.00672016 0.95967 0.0336099
3 0.0589897 0.859897 0.0811131
3 0.0543376 0.888432 0.0572303
3 0.029453 0.83112 0.139427
3 0.0265691 0.90561 0.0678213
3 0.00381882 0.959443 0.0367383
3 0.0605293 0.911433 0.0280376
3 0.00927399 0.902532 0.088194
3 0.0216824 0.920726 0.0575919
3 0.0368424 0.890733 0.0724241
3 0.0338811 0.926435 0.0396837
3 0.0405406 0.931474 0.027985
3 0.00483811 0.967661 0.0275006
3 0.0198501 0.814262 0.165888
3 0.0230621 0.902591 0.0743471
3 0.0266269 0.769857 0.203516
3 0.028568 0.756762 0.21467
3 0.0293241 0.839274 0.131401
3 0.0261692 0.836799 0.137032
3 0.025235 0.811389 0.163376
3 0.0438351 0.820831 0.135334
3 0.0282622 0.819977 0.151761
3 0.10129 0.557385 0.341325
3 0.0159631 0.88549 0.0985467
3 0.0197892 0.855764 0.124447
3 0.0617253 0.825836 0.112439
3 0.0360324 0.745342 0.218625
3 0.0169775 0.830314 0.152709
3 0.0229365 0.936665 0.0403983
3 0.0209129 0.87208 0.107007
3 0.0194322 0.915467 0.065101
3 0.0132829 0.934734 0.0519836
3 0.0173975 0.907699 0.0749031
3 0.0227617 0.935382 0.0418562
3 0.0262522 0.942368 0.0313795
3 0.0143136 0.769288 0.216399
3 0.0130697 0.946746 0.0401838
3 0.0270612 0.905863 0.067076
3 0.0165231 0.873962 0.109515
3 0.0242083 0.91881 0.0569819
3 0.0785087 0.864295 0.0571968
3 0.0487737 0.904518 0.0467088
3 0.0965827 0.856443 0.0469743
3 0.0220309 0.920211 0.0577582
3 0.00534939 0.974153 0.0204973
3 0.0352534 0.908061 0.0566856
3 0.0130302 0.950391 0.0365785
3 0.00710349 0.684128 0.308768
3 0.05842 0.865002 0.0765779
3 0.101805 0.806404 0.0917912
3 0.0206761 0.901476 0.077848
3 0.0399236 0.877199 0.0828778
3 0.0284124 0.869715 0.101873
3 0.0136263 0.839004 0.14737
3 0.0141672 0.942813 0.0430198
3 0.0859692 0.822762 0.0912688
3 0.0517207 0.832856 0.115423
3 0.0649847 0.85936 0.0756556
3 0.0386056 0.87057 0.0908246
3 0.0316773 0.83019 0.138133
3 0.037591 0.911332 0.0510774
3 0.0108962 0.88585 0.103254
3 0.0112584 0.976976 0.0117657
3 0.0161858 0.819798 0.164017
3 0.00907 0.933706 0.0572244
3 0.0293526 0.920069 0.0505781
3 0.0714296 0.876052 0.0525186
3 0.0156073 0.872629 0.111764
3 0.0101692 0.745134 0.244697
3 0.00958952 0.730717 0.259693
3 0.0278162 0.880539 0.0916447
3 0.0104764 0.830441 0.159083
3 0.054554 0.86495 0.0804955
3 0.0219151 0.778151 0.199934
3 0.0192591 0.904597 0.0761437
3 0.0161016 0.756896 0.227003
3 0.0783047 0.808905 0.11279
3 0.0458627 0.868799 0.0853378
3 0.0350287 0.942925 0.0220465
3 0.0937833 0.747347 0.15887
3 0.0702744 0.866658 0.0630678
3 0.0189301 0.847294 0.133776
3 0.0113068 0.863365 0.125328
3 0.00790972 0.543223 0.448868
3 0.0322053 0.815821 0.151973
3 0.0327617 0.896039 0.0711996
3 0.085289 0.843793 0.0709183
3 0.0360844 0.78918 0.174735
3 0.0567874 0.872651 0.0705613
3 0.0230353 0.853648 0.123316
3 0.02186 0.928895 0.049245
3 0.0305771 0.791576 0.177847
3 0.00678334 0.705034 0.288183
3 0.00506642 0.97546 0.0194733
3 0.0159041 0.929379 0.0547168
3 0.0515335 0.889897 0.0585694
3 0.0175059 0.890468 0.0920261
3 0.0333324 0.910438 0.0562291
3 0.0186224 0.893366 0.088012
3 0.0214039 0.867161 0.111435
3 0.0713532 0.882898 0.0457486
3 0.0356379 0.89206 0.072302
3 0.0236019 0.809319 0.167079
3 0.0213895 0.900742 0.0778689
3 0.0237858 0.903936 0.0722782
3 0.0167066 0.951323 0.0319708
3 0.0175058 0.939763 0.0427317
3 0.0100498 0.87022 0.119731
3 0.00536008 0.841879 0.152761
3 0.00376314 0.937677 0.0585598
3 0.0317724 0.924616 0.0436115
3 0.0392118 0.910091 0.0506973
3 0.0343266 0.895998 0.0696751
3 0.0743984 0.876427 0.0491747
3 0.0299239 0.852932 0.117144
3 0.0192602 0.837963 0.142777
3 0.0247881 0.901486 0.0737261
3 0.0113188 0.879549 0.109132
3 0.0269932 0.84497 0.128036
3 0.0105683 0.949049 0.0403822
3 0.244951 0.707501 0.047548
3 0.0135736 0.949637 0.0367893
3 0.0356392 0.869638 0.0947223
3 0.0364546 0.863044 0.100502
3 0.0452363 0.779108 0.175656
3 0.031914 0.93435 0.0337355
3 0.0424995 0.917057 0.0404434
3 0.023634 0.86861 0.107756
3 0.0204641 0.950368 0.0291678
3 0.0168798 0.825145 0.157975
3 0.0533326 0.845951 0.100717
3 0.00864865 0.970978 0.0203736
3 0.0444978 0.811662 0.14384
3 0.00833923 0.960817 0.0308437
3 0.0328093 0.888735 0.0784556
3 0.0465285 0.892844 0.0606279
3 0.0220543 0.910585 0.0673611
3 0.0239469 0.880806 0.095247
3 0.0260887 0.827674 0.146238
3 0.0140948 0.893057 0.0928486
3 0.0208289 0.911836 0.0673351
3 0.00940229 0.910496 0.0801019
3 0.0246849 0.844687 0.130628
3 0.0235309 0.811586 0.164883
3 0.0264956 0.861809 0.111695
3 0.0286374 0.930984 0.0403784
3 0.00802603 0.942555 0.0494187
3 0.121341 0.851611 0.0270474
3 0.033643 0.906788 0.0595692
3 0.0429981 0.812419 0.144583
3 0.0712031 0.872393 0.0564042
3 0.0563405 0.891587 0.0520725
3 0.00840766 0.958128 0.0334646
3 0.0568555 0.896683 0.0464615
3 0.0378761 0.783109 0.179015
3 0.0746705 0.875219 0.0501105
3 0.0107898 0.964181 0.0250297
3 0.0124426 0.668049 0.319509
3 0.0696764 0.861289 0.0690342
3 0.0191415 0.793527 0.187331
3 0.0418426 0.907158 0.0509998
3 0.0137742 0.9443 0.0419256
3 0.0780237 0.889893 0.0320833
3 0.0726784 0.88796 0.0393618
3 0.0411535 0.903435 0.0554111
3 0.0248552 0.918753 0.0563923
3 0.0942358 0.878051 0.0277134
3 0.016896 0.907118 0.0759863
3 0.108585 0.749219 0.142197
3 0.0123109 0.883312 0.104377
3 0.0324502 0.926235 0.0413149
3 0.0695666 0.884537 0.0458962
3 0.0191796 0.932914 0.0479069
3 0.0269194 0.927345 0.0457355
3 0.0415471 0.83899 0.119463
3 0.0818578 0.880245 0.0378975
3 0.0661038 0.911405 0.0224913
3 0.0317399 0.819673 0.148587
3 0.0321091 0.949295 0.0185957
3 0.0125032 0.976357 0.0111398
3 0.0156242 0.96664 0.0177356
3 0.0491883 0.90281 0.0480014
3 0.160846 0.62804 0.211113
3 0.0291647 0.871861 0.0989742
3 0.0192447 0.963405 0.0173504
3 0.0156791 0.751772 0.232549
3 0.0211276 0.93518 0.043692
3 0.0241377 0.84896 0.126902
3 0.0169424 0.962379 0.0206781
3 0.00907171 0.936886 0.0540423
3 0.0176845 0.858161 0.124155
3 0.0287084 0.956998 0.0142932
3 0.0282931 0.948296 0.0234111
3 0.0055845 0.934392 0.0600234
3 0.0304055 0.923045 0.0465498
3 0.0183511 0.95394 0.0277091
3 0.125608 0.776006 0.0983865
3 0.0784579 0.78911 0.132432
3 0.0113818 0.883292 0.105326
3 0.0308993 0.922084 0.0470167
3 0.0290746 0.878021 0.0929043
3 0.0506059 0.916305 0.0330889
3 0.0303752 0.949343 0.0202818
3 0.0510242 0.898359 0.0506166
3 0.0192718 0.923656 0.0570718
3 0.0139034 0.955187 0.03091
3 0.0180441 0.922243 0.059713
3 0.0253154 0.712037 0.262648
3 0.0389809 0.838869 0.12215
3 0.0765925 0.767064 0.156343
3 0.0213637 0.889146 0.0894898
3 0.0280155 0.924802 0.0471823
3 0.0357622 0.891369 0.0728692
3 0.11193 0.840933 0.047137
3 0.0176828 0.880131 0.102186
3 0.0120901 0.913243 0.0746674
3 0.0921586 0.777892 0.12995
3 0.0245015 0.860115 0.115384
3 0.0346275 0.926134 0.0392387
3 0.0378394 0.903379 0.058782
3 0.0454711 0.903196 0.0513324
3 0.0280601 0.775193 0.196747
3 0.0834315 0.863246 0.0533224
3 0.0220282 0.90964 0.0683313
3 0.0260584 0.902817 0.0711245
3 0.00467077 0.949189 0.0461399
3 0.0105267 0.88978 0.0996935
3 0.0549655 0.89427 0.0507649
3 0.030143 0.919946 0.0499106
3 0.0124271 0.807499 0.180074
3 0.0476341 0.884243 0.0681227
3 0.0103778 0.952178 0.0374441
3 0.044573 0.897611 0.057816
3 0.0610541 0.847364 0.0915814
3 0.0214516 0.922926 0.0556223
3 0.00873896 0.902742 0.0885186
3 0.0205441 0.70821 0.271245
3 0.047224 0.862255 0.0905209
3 0.0151474 0.813228 0.171624
3 0.083711 0.88425 0.0320388
3 0.0489 0.906048 0.0450517
3 0.0375911 0.890293 0.0721163
3 0.0434097 0.822344 0.134247
3 0.0445686 0.804042 0.15139
3 0.0141811 0.710919 0.2749
1 0.142832 0.0508451 0.806323
3 0.210845 0.619021 0.170134
1 0.0125984 0.34439 0.643012
3 0.00742868 0.577723 0.414848
1 0.0228545 0.00723017 0.969915
3 0.175087 0.585574 0.239339
3 0.0269184 0.648039 0.325043
1 0.0549871 0.166882 0.778131
3 0.199682 0.41256 0.387758
3 0.0346849 0.535652 0.429663
3 0.0149473 0.566457 0.418596
1 0.127117 0.0474515 0.825431
1 0.0417837 0.160718 0.797499
1 0.0687796 0.202372 0.728849
1 0.0140412 0.0743069 0.911652
1 0.301527 0.190738 0.507735
1 0.0243606 0.00343237 0.972207
1 0.173217 0.0429599 0.783823
1 0.07078 0.0860149 0.843205
1 0.0468982 0.0425942 0.910508
1 0.0543282 0.0568186 0.888853
1 0.154632 0.0292943 0.816073
1 0.034619 0.0313348 0.934046
1 0.0711086 0.174797 0.754094
1 0.113361 0.145377 0.741262
1 0.0250179 0.301559 0.673423
2 0.677764 0.260747 0.0614882
3 0.325419 0.645838 0.028743
2 0.986941 0.00045059 0.0126081
3 0.347336 0.616908 0.0357561
2 0.577212 0.311509 0.111279
2 0.889618 0.0249657 0.0854164
2 0.548798 0.411186 0.040016
2 0.639092 0.0799209 0.280987
2 0.409474 0.239856 0.350671
2 0.585182 0.29047 0.124348
2 0.533167 0.167365 0.299468
3 0.0497367 0.914296 0.0359672
2 0.981542 0.00415619 0.0143019
2 0.679601 0.226423 0.0939753
2 0.749777 0.101763 0.148461
3 0.292924 0.365935 0.341141
2 0.647082 0.124649 0.228269
1 0.225585 0.237418 0.536997
1 0.155761 0.36422 0.480019
2 0.562921 0.074562 0.362517
3 0.354515 0.388084 0.2574
2 0.718479 0.155923 0.125598
1 0.367134 0.233399 0.399467
1 0.157395 0.230219 0.612386
3 0.332624 0.501678 0.165698
2 0.737427 0.162853 0.0997199
3 0.0741992 0.863355 0.0624459
3 0.18917 0.768497 0.0423328
1 0.259171 0.255161 0.485667
3 0.13059 0.791668 0.0777414
3 0.213335 0.60237 0.184295
1 0.134913 0.0304283 0.834659
3 0.112335 0.847395 0.0402698
1 0.110199 0.221898 0.667904
3 0.0655373 0.592191 0.342272
3 0.0879525 0.682916 0.229132
3 0.0720157 0.822033 0.105951
3 0.409493 0.45445 0.136057
2 0.546508 0.131808 0.321684
3 0.0811292 0.778075 0.140796
3 0.439977 0.489858 0.070165
2 0.899096 0.0536449 0.047259
1 0.299302 0.346142 0.354556
3 0.319606 0.591964 0.0884295
2 0.594316 0.0892276 0.316456
3 0.413401 0.497078 0.0895217
1 0.0561746 0.176002 0.767824
3 0.128953 0.616526 0.254521
2 0.489452 0.392864 0.117684
3 0.322547 0.631477 0.0459767
2 0.871437 0.0223507 0.106213
2 0.996644 0.00172167 0.00163426
2 0.606968 0.179637 0.213396
2 0.929894 0.0124838 0.0576217
2 0.508078 0.130833 0.361089
2 0.594316 0.0892276 0.316456
2 0.767533 0.00991552 0.222552
1 0.265457 0.158668 0.575874
2 0.937253 0.036599 0.0261478
2 0.989964 0.00640938 0.0036264
2 0.994806 0.0021161 0.00307788
3 0.323359 0.633368 0.0432734
2 0.989443 0.0038814 0.00667512
2 0.852394 0.0113245 0.136281
2 0.480419 0.247276 0.272306
3 0.438504 0.481595 0.0799003
2 0.466682 0.0763284 0.45699
2 0.964307 0.000587148 0.0351054
2 0.963904 0.0123656 0.0237299
1 0.275457 0.100836 0.623708
3 0.0872285 0.625593 0.287179
2 0.882086 0.00756876 0.110345
2 0.673973 0.115483 0.210544
2 0.665927 0.262551 0.071522
3 0.123988 0.72742 0.148592
2 0.562027 0.0751621 0.362811
2 0.81302 0.0671605 0.11982
1 0.248322 0.0777113 0.673967
1 0.205989 0.221328 0.572683
2 0.602779 0.183916 0.213305
2 0.575533 0.0129094 0.411557
1 0.215504 0.187874 0.596621
3 0.0488379 0.837677 0.113486
1 0.256632 0.143699 0.599669
3 0.0455728 0.585905 0.368522
3 0.288722 0.544683 0.166595
3 0.110825 0.743607 0.145568
3 0.21392 0.678675 0.107405
1 0.157837 0.070525 0.771638
3 0.0236497 0.526379 0.449971
2 0.921013 0.00669163 0.0722955
3 0.0445651 0.854053 0.101382
1 0.405846 0.161747 0.432407
1 0.176602 0.254608 0.56879
3 0.0400216 0.919197 0.0407812
3 0.120642 0.700052 0.179306
3 0.0494139 0.772623 0.177963
2 0.601332 0.118229 0.280439
1 0.0975069 0.0463142 0.856179
1 0.35417 0.290057 0.355774
3 0.0960125 0.76036 0.143627
3 0.0886686 0.711976 0.199355
3 0.0970485 0.650731 0.25222
3 0.0782819 0.550715 0.371003
2 0.631953 0.0919498 0.276098
3 0.0621003 0.829306 0.108594
3 0.0595299 0.891566 0.0489043
2 0.526542 0.160051 0.313407
1 0.177457 0.383276 0.439267
1 0.388449 0.00706541 0.604485
3 0.206991 0.689403 0.103606
3 0.113379 0.724991 0.16163
3 0.0804337 0.800239 0.119327
2 0.687516 0.0533997 0.259084
3 0.0523795 0.724833 0.222787
3 0.0462633 0.795458 0.158279
3 0.0817239 0.770796 0.14748
3 0.0817239 0.770796 0.14748
3 0.0243787 0.882007 0.0936142
2 0.60497 0.218612 0.176419
3 0.0371861 0.514699 0.448115
3 0.0395832 0.573258 0.387159
2 0.958515 0.0221066 0.0193788
2 0.957279 0.0078979 0.0348228
1 0.287571 0.344584 0.367845
3 0.210559 0.490458 0.298983
3 0.0597976 0.779004 0.161198
3 0.352612 0.564811 0.0825766
3 0.0591745 0.850453 0.0903726
3 0.0988382 0.770199 0.130963
3 0.084378 0.80672 0.108902
1 0.118122 0.165187 0.71669
2 0.531578 0.19415 0.274272
3 0.0441953 0.903389 0.0524159
1 0.178622 0.203839 0.617539
2 0.963815 0.0151212 0.0210637
3 0.242972 0.622399 0.134629
3 0.246231 0.571162 0.182607
3 0.331019 0.424367 0.244614
3 0.18204 0.781283 0.0366774
3 0.0154439 0.764103 0.220453
3 0.0318103 0.915183 0.0530064
3 0.0315794 0.877622 0.0907982
3 0.287518 0.60578 0.106702
2 0.949042 0.0325337 0.0184247
3 0.152871 0.736949 0.110181
2 0.75034 0.228259 0.0214018
2 0.6922 0.12745 0.18035
2 0.596693 0.217229 0.186078
2 0.492941 0.379001 0.128058
3 0.021213 0.649841 0.328946
3 0.0244397 0.68982 0.285741
1 0.138359 0.34372 0.517921
3 0.0458493 0.791328 0.162823
2 0.663227 0.263188 0.0735858
3 0.0615321 0.708902 0.229566
2 0.567003 0.361914 0.0710829
3 0.0858054 0.727391 0.186804
3 0.0502244 0.743032 0.206743
3 0.126266 0.727703 0.146031
3 0.0161102 0.975515 0.00837516
1 0.39853 0.177778 0.423692
2 0.736878 0.153452 0.10967
3 0.0605371 0.854863 0.0846002
1 0.130067 0.249595 0.620339
3 0.0605816 0.807028 0.13239
2 0.68431 0.290245 0.0254447
3 0.099186 0.82579 0.075024
3 0.386903 0.542222 0.0708747
2 0.570881 0.0833854 0.345733
2 0.484555 0.423229 0.0922158
2 0.448802 0.126907 0.424291
1 0.238157 0.301771 0.460072
3 0.0663264 0.854159 0.0795145
3 0.0257514 0.924859 0.0493899
2 0.454684 0.207681 0.337635
1 0.236792 0.359982 0.403227
3 0.064134 0.813033 0.122833
2 0.699937 0.284415 0.0156481
2 0.960603 0.000887907 0.0385087
3 0.0641195 0.85249 0.0833905
2 0.724553 0.099945 0.175502
3 0.0391553 0.831598 0.129247
3 0.0536579 0.884588 0.0617544
2 0.581467 0.106956 0.311578
2 0.840663 0.0698108 0.0895265
2 0.639687 0.304754 0.055559
2 0.986292 0.00663415 0.00707421
3 0.022178 0.942972 0.0348504
1 0.324925 0.315407 0.359668
2 0.451812 0.216665 0.331523
3 0.0520419 0.666363 0.281595
3 0.0256891 0.928587 0.0457236
3 0.0120656 0.953097 0.0348378
3 0.0390638 0.796175 0.164761
3 0.0806375 0.67876 0.240602
1 0.409699 0.0772324 0.513069
3 0.0315506 0.647061 0.321388
1 0.163808 0.0228236 0.813368
1 0.0289193 0.44681 0.524271
1 0.000818083 0.28957 0.709612
1 0.0235461 0.403495 0.572959
3 0.0848305 0.788689 0.126481
1 0.165604 0.148707 0.685689
3 0.04911 0.902894 0.0479955
3 0.211781 0.409972 0.378247
1 0.265377 0.169998 0.564625
1 0.157371 0.245121 0.597508
1 0.155639 0.258828 0.585533
3 0.0636829 0.660593 0.275724
1 0.0578404 0.0226914 0.919468
1 0.237247 0.110101 0.652651
1 0.316307 0.310878 0.372815
3 0.0489735 0.879849 0.0711771
1 0.067606 0.158631 0.773763
1 0.0790891 0.106751 0.81416
3 0.0789805 0.763246 0.157773
1 0.0913736 0.170448 0.738178
2 0.631465 0.135148 0.233387
3 0.0964168 0.792447 0.111136
1 0.0831444 0.11366 0.803195
3 0.103739 0.781262 0.114999
3 0.14432 0.571907 0.283773
2 0.963145 0.00216627 0.0346892
3 0.0567809 0.866259 0.0769598
3 0.27814 0.48621 0.23565
3 0.0199561 0.79356 0.186484
2 0.478529 0.0957566 0.425714
1 0.0394917 0.12184 0.838668
2 0.534136 0.221082 0.244781
1 0.262925 0.33738 0.399695
1 0.412446 0.0985432 0.48901
1 0.109363 0.0516039 0.839033
1 0.0405447 0.0538509 0.905604
3 0.241932 0.716778 0.0412904
1 0.267039 0.128554 0.604407
1 0.00869133 0.382734 0.608574
2 0.666456 0.00634384 0.327201
3 0.090998 0.672359 0.236643
1 0.205435 0.270291 0.524274
1 0.129189 0.248071 0.62274
3 0.0496052 0.597514 0.352881
3 0.0312967 0.564341 0.404363
1 0.166189 0.338608 0.495203
1 0.201026 0.0392283 0.759746
3 0.0202572 0.758339 0.221404
3 0.00976163 0.891085 0.099153
1 0.093921 0.0116987 0.89438
3 0.129651 0.630512 0.239837
1 0.0435526 0.127628 0.828819
1 0.0489885 0.131232 0.81978
3 0.0376365 0.539566 0.422797
3 0.0297812 0.805589 0.16463
2 0.540599 0.182996 0.276405
1 0.0928508 0.148588 0.758561
1 0.243639 0.00776491 0.748597
3 0.221116 0.401117 0.377766
1 0.255963 0.035603 0.708434
1 0.167792 0.27358 0.558628
1 0.184644 0.207835 0.607521
3 0.149559 0.6592 0.191241
2 0.42471 0.244625 0.330665
1 0.151908 0.127248 0.720843
1 0.0483293 0.0512825 0.900388
1 0.110406 0.187219 0.702376
3 0.0215321 0.738098 0.240369
1 0.344419 0.111425 0.544156
3 0.202645 0.572011 0.225344
1 0.109281 0.170436 0.720282
2 0.461093 0.21609 0.322817
1 0.0119501 0.174865 0.813185
3 0.126435 0.541691 0.331874
3 0.0539234 0.645313 0.300764
3 0.131283 0.710008 0.158709
1 0.112784 0.0703403 0.816876
1 0.0784259 0.108894 0.81268
1 0.441176 0.0172146 0.541609
2 0.734147 0.0730685 0.192784
1 0.235029 0.0182101 0.746761
3 0.101014 0.584604 0.314382
2 0.913772 0.0449576 0.0412704
1 0.117132 0.0435901 0.839278
1 0.215492 0.363231 0.421277
2 0.476875 0.0759365 0.447189
3 0.059658 0.826658 0.113684
2 0.778365 0.176441 0.0451941
2 0.603728 0.278696 0.117576
3 0.0268386 0.798669 0.174493
3 0.0817067 0.767604 0.150689
1 0.117127 0.025039 0.857834
2 0.728231 0.0887142 0.183055
2 0.661054 0.00593986 0.333006
2 0.66197 0.113292 0.224738
2 0.856935 0.0882307 0.0548348
1 0.28741 0.0471658 0.665424
3 0.0315279 0.849566 0.118906
2 0.759052 0.0906883 0.15026
3 0.0270283 0.899559 0.0734131
1 0.236009 0.262594 0.501397
1 0.112645 0.0037106 0.883644
3 0.0525301 0.807346 0.140124
3 0.187564 0.432874 0.379562
3 0.187564 0.432874 0.379562
3 0.24804 0.703273 0.0486869
3 0.303948 0.436925 0.259126
2 0.618603 0.0201355 0.361262
2 0.78681 0.0268221 0.186368
1 0.115147 0.0180651 0.866788
1 0.289528 0.178711 0.53176
2 0.663349 0.26701 0.0696416
1 0.346474 0.0779158 0.57561
2 0.389615 0.319524 0.290861
3 0.168014 0.738597 0.0933892
1 0.220066 0.148457 0.631478
2 0.734479 0.0960432 0.169478
3 0.196431 0.522363 0.281206
3 0.116503 0.6767 0.206797
3 0.0429831 0.74081 0.216206
3 0.0834449 0.660586 0.255969
1 0.220921 0.144713 0.634366
2 0.415946 0.337565 0.246489
1 0.0748475 0.229098 0.696055
3 0.199731 0.719145 0.081124
3 0.0547276 0.747446 0.197827
3 0.0318771 0.910399 0.0577236
2 0.746877 0.144586 0.108537
2 0.648252 0.311038 0.0407103
2 0.497546 0.321457 0.180998
3 0.0423079 0.854146 0.103547
2 0.906566 0.0100489 0.0833847
2 0.343827 0.33345 0.322723
2 0.343827 0.33345 0.322723
2 0.826949 0.0586742 0.114377
2 0.496912 0.0552287 0.44786
3 0.12637 0.695611 0.178019
3 0.0943244 0.596093 0.309583
1 0.0236124 0.106147 0.87024
2 0.834537 0.0380631 0.1274
2 0.768149 0.14124 0.0906115
2 0.684989 0.00866347 0.306347
3 0.11126 0.601054 0.287686
2 0.743923 0.153004 0.103073
2 0.775846 0.00285574 0.221299
2 0.922514 0.0396965 0.0377898
2 0.788943 0.190483 0.0205743
3 0.0323357 0.774917 0.192748
3 0.0109529 0.830168 0.158879
3 0.0288431 0.936396 0.0347606
3 0.0393209 0.703768 0.256911
3 0.0508655 0.887882 0.061252
1 0.104066 0.129412 0.766522
3 0.0346192 0.872286 0.0930947
2 0.611769 0.232122 0.15611
3 0.0506865 0.702057 0.247256
3 0.00934223 0.615445 0.375212
2 0.707836 0.0540554 0.238109
3 0.0828109 0.639238 0.277951
3 0.0828109 0.639238 0.277951
1 0.0886858 0.446104 0.46521
2 0.480718 0.273586 0.245695
3 0.0139039 0.97608 0.0100157
3 0.0246383 0.847471 0.127891
3 0.0617879 0.750257 0.187955
1 0.135889 0.0443533 0.819758
1 0.413392 0.142674 0.443934
3 0.0179032 0.764749 0.217347
3 0.0534311 0.791584 0.154984
2 0.563805 0.0337172 0.402478
3 0.0430296 0.686173 0.270798
3 0.0848538 0.665602 0.249544
3 0.0143385 0.928245 0.0574166
3 0.0141974 0.942203 0.0435999
3 0.0247261 0.684617 0.290657
1 0.0965531 0.138167 0.765279
3 0.0390116 0.895285 0.0657034
1 0.0196133 0.479499 0.500888
1 0.0815033 0.229388 0.689109
3 0.0245434 0.713626 0.261831
3 0.109509 0.796178 0.0943131
3 0.102646 0.585533 0.311821
2 0.924608 0.0715718 0.00382
3 0.0928591 0.885529 0.0216116
3 0.368147 0.405865 0.225987
3 0.0457767 0.802302 0.151921
3 0.155226 0.659093 0.185681
3 0.0268773 0.962991 0.0101316
3 0.0663264 0.854159 0.0795145
3 0.0234383 0.8692 0.107362
1 0.249373 0.366388 0.384239
3 0.0336892 0.714424 0.251887
3 0.0603327 0.836712 0.102956
2 0.551683 0.336121 0.112197
3 0.0466436 0.787556 0.165801
3 0.150076 0.542432 0.307492
3 0.367509 0.438684 0.193807
3 0.0788361 0.898997 0.0221666
3 0.0313835 0.802718 0.165899
3 0.0109413 0.68648 0.302579
1 0.255635 0.0532387 0.691126
3 0.0230717 0.710124 0.266804
3 0.420166 0.431575 0.148259
3 0.0502773 0.882178 0.0675442
3 0.0527225 0.832697 0.11458
1 0.358503 0.257904 0.383592
1 0.0999186 0.0999341 0.800147
3 0.247386 0.475792 0.276822
3 0.0026256 0.539661 0.457713
2 0.450616 0.0991381 0.450246
3 0.0751016 0.486377 0.438522
1 0.434297 0.066708 0.498995
1 0.286249 0.0617384 0.652013
1 0.345541 0.262878 0.391581
3 0.0347062 0.743697 0.221597
1 0.156933 0.421115 0.421952
1 0.431641 0.134331 0.434028
1 0.00681314 0.154286 0.838901
3 0.0846492 0.603333 0.312018
1 0.192834 0.118266 0.6889
1 0.0262561 0.123221 0.850523
3 0.0493181 0.763592 0.18709
1 0.433234 0.0489049 0.517861
3 0.060961 0.816598 0.122441
3 0.0223059 0.816399 0.161295
1 0.14064 0.0867566 0.772604
3 0.194581 0.630183 0.175235
3 0.0296255 0.625995 0.344379
1 0.0747389 0.226527 0.698734
1 0.319829 0.0146692 0.665502
3 0.121641 0.582776 0.295583
3 0.111711 0.598353 0.289937
1 0.0151913 0.0482835 0.936525
1 0.328082 0.163088 0.50883
2 0.620407 0.014909 0.364684
3 0.0406396 0.782163 0.177197
2 0.859231 0.00224807 0.138521
3 0.0412445 0.723519 0.235236
3 0.0894236 0.547367 0.363209
3 0.093051 0.710193 0.196756
3 0.0490754 0.590851 0.360073
2 0.609545 0.0860504 0.304405
1 0.278935 0.0293464 0.691718
2 0.567531 0.242223 0.190246
3 0.0502472 0.529108 0.420645
3 0.148083 0.644477 0.20744
1 0.081485 0.0727573 0.845758
1 0.0232945 0.0482504 0.928455
1 0.187809 0.39889 0.413301
3 0.0766439 0.817695 0.105661
3 0.112057 0.604636 0.283306
1 0.068504 0.067163 0.864333
3 0.232906 0.480984 0.28611
1 0.0684272 0.0684518 0.863121
3 0.0786019 0.504857 0.416541
1 0.202426 0.152593 0.644981
3 0.0107582 0.548893 0.440349
1 0.0592353 0.125985 0.814779
1 0.0672526 0.0883532 0.844394
2 0.552351 0.0515982 0.396051
1 0.3831 0.0346296 0.582271
1 0.349437 0.13029 0.520273
1 0.0779042 0.0200919 0.902004
1 0.130354 0.186002 0.683644
3 0.0318902 0.633845 0.334265
1 0.147339 0.0376811 0.81498
2 0.537267 0.253168 0.209565
1 0.0154052 0.0918951 0.8927
3 0.0351436 0.634112 0.330744
1 0.04757 0.313054 0.639376
1 0.261639 0.0367421 0.701619
1 0.423263 0.0891435 0.487594
3 0.00942051 0.748338 0.242241
1 0.0350436 0.380267 0.58469
3 0.0340802 0.748354 0.217566
1 0.00292732 0.189914 0.807158
3 0.209918 0.610008 0.180074
2 0.742961 0.116122 0.140917
3 0.0393309 0.597263 0.363406
3 0.0527253 0.749684 0.19759
1 0.0116013 0.484931 0.503468
1 0.0418318 0.00785831 0.95031
2 0.496701 0.0306363 0.472662
1 0.0652781 0.10158 0.833142
1 0.0415138 0.0243053 0.934181
1 0.0351583 0.0880307 0.876811
1 0.0070058 0.413324 0.579671
1 0.181881 0.147558 0.670561
1 0.0321396 0.179314 0.788546
1 0.0741492 0.0153439 0.910507
1 0.163959 0.0180246 0.818016
2 0.407881 0.376335 0.215784
2 0.428529 0.368421 0.203049
1 0.172743 0.0541968 0.77306
3 0.0572958 0.830616 0.112088
3 0.19762 0.451226 0.351154
3 0.199501 0.405357 0.395141
1 0.0974356 0.154278 0.748286
1 0.0429804 0.0923352 0.864684
1 0.0117636 0.0864802 0.901756
3 0.055526 0.656533 0.287941
3 0.0849204 0.810394 0.104686
1 0.0956146 0.204972 0.699413
3 0.234615 0.639029 0.126356
2 0.439938 0.135897 0.424165
1 0.124425 0.0250085 0.850567
1 0.32839 0.0563655 0.615245
1 0.0703187 0.141403 0.788279
3 0.0277794 0.561858 0.410363
1 0.0127284 0.398693 0.588579
1 0.0238537 0.050273 0.925873
1 0.244732 0.237838 0.51743
1 0.235114 0.15586 0.609025
3 0.0462417 0.785391 0.168367
3 0.0803948 0.848154 0.0714517
3 0.240865 0.384894 0.374241
3 0.165377 0.656048 0.178576
1 0.165477 0.209156 0.625367
1 0.162502 0.178543 0.658954
3 0.0617347 0.792242 0.146024
1 0.340737 0.0237515 0.635511
3 0.042344 0.692143 0.265513
3 0.218316 0.652467 0.129216
1 0.0232148 0.052416 0.924369
2 0.791128 0.083959 0.124913
3 0.0537629 0.50276 0.443477
1 0.0508353 0.0562979 0.892867
3 0.208594 0.485438 0.305968
3 0.0524522 0.582169 0.365379
3 0.133848 0.687716 0.178436
3 0.0202823 0.779313 0.200404
3 0.0172281 0.796512 0.18626
3 0.016056 0.858294 0.12565
1 0.10771 0.229155 0.663134
3 0.0418961 0.789595 0.168509
1 0.0564176 0.118775 0.824807
3 0.0345279 0.714946 0.250526
3 0.0154707 0.695562 0.288967
3 0.026122 0.67892 0.294958
3 0.0699037 0.634905 0.295192
3 0.013661 0.600539 0.3858
1 0.0823613 0.159487 0.758152
3 0.0495287 0.812015 0.138457
3 0.0622309 0.731926 0.205843
1 0.101512 0.208661 0.689827
3 0.0188067 0.700344 0.280849
1 0.346451 0.223884 0.429665
3 0.0234127 0.602951 0.373636
3 0.0470623 0.784154 0.168783
3 0.0470623 0.784154 0.168783
3 0.0126158 0.849543 0.137841
3 0.0252674 0.880294 0.0944385
3 0.0260036 0.785704 0.188292
3 0.0141662 0.657316 0.328518
3 0.0376342 0.637684 0.324682
1 0.198225 0.0930306 0.708744
3 0.0502404 0.770126 0.179633
3 0.0525262 0.563609 0.383865
3 0.0663466 0.599315 0.334338
3 0.0596587 0.715526 0.224815
3 0.133744 0.630379 0.235877
3 0.0294163 0.810919 0.159665
3 0.0294163 0.810919 0.159665
3 0.0494229 0.825259 0.125318
3 0.0290755 0.79664 0.174285
3 0.0499267 0.650995 0.299078
3 0.054766 0.496472 0.448762
3 0.0673248 0.516418 0.416257
3 0.0196195 0.783716 0.196664
3 0.0496553 0.800157 0.150187
3 0.00582157 0.7815 0.212679
3 0.0449414 0.757589 0.197469
3 0.0221758 0.726286 0.251539
3 0.0206971 0.602534 0.376768
1 0.312579 0.171398 0.516023
3 0.141065 0.721208 0.137727
3 0.0356561 0.803346 0.160998
1 0.0046885 0.0326927 0.962619
3 0.0580545 0.804517 0.137428
3 0.0943983 0.791757 0.113845
3 0.046198 0.689618 0.264184
1 0.12895 0.25707 0.61398
3 0.053215 0.821604 0.125181
1 0.326936 0.25577 0.417294
1 0.155226 0.193142 0.651633
3 0.107824 0.647333 0.244843
3 0.0190161 0.718635 0.262349
3 0.0422559 0.731843 0.225901
2 0.554538 0.102952 0.34251
3 0.0185162 0.676543 0.304941
3 0.0322973 0.868522 0.0991803
3 0.0485451 0.631864 0.31959
3 0.0648609 0.580841 0.354298
1 0.126993 0.336746 0.536261
1 0.0586234 0.403298 0.538079
3 0.0440483 0.564089 0.391863
3 0.0207705 0.64431 0.33492
3 0.0330141 0.492157 0.474828
3 0.257223 0.554413 0.188364
1 0.295056 0.339456 0.365488
3 0.0851718 0.763296 0.151532
3 0.0453589 0.560849 0.393792
1 0.137185 0.13888 0.723935
3 0.174496 0.613607 0.211897
3 0.022806 0.894096 0.0830983
3 0.0236975 0.767434 0.208869
3 0.0589134 0.861233 0.0798539
3 0.0867192 0.849771 0.0635101
3 0.0142415 0.884071 0.101688
3 0.0295775 0.880179 0.0902435
3 0.0276003 0.948481 0.0239188
3 0.0130942 0.928843 0.0580627
3 0.0213762 0.906691 0.0719326
1 0.0764952 0.437325 0.486179
3 0.0278826 0.949168 0.0229495
3 0.0341217 0.872742 0.093136
3 0.0310546 0.896029 0.0729168
3 0.0619152 0.900005 0.0380796
3 0.0154423 0.817151 0.167407
3 0.00496616 0.907282 0.0877515
3 0.0214319 0.91103 0.0675376
3 0.0273729 0.903095 0.069532
3 0.0248929 0.870618 0.104489
3 0.0295171 0.796651 0.173832
3 0.0225813 0.946451 0.030968
3 0.00563103 0.962477 0.0318918
3 0.0216049 0.90252 0.0758748
3 0.0490114 0.867023 0.0839655
3 0.0379568 0.832418 0.129625
3 0.0432582 0.879364 0.077378
3 0.0113663 0.888325 0.100309
3 0.025468 0.900419 0.0741135
3 0.0108462 0.977495 0.0116585
3 0.0239182 0.873737 0.102345
3 0.034164 0.850865 0.114971
3 0.0122003 0.908461 0.0793386
3 0.0294456 0.927435 0.0431191
3 0.0870819 0.856541 0.0563771
3 0.0192798 0.844253 0.136467
3 0.00694912 0.961877 0.0311737
3 0.0564192 0.872909 0.0706718
3 0.0819507 0.804101 0.113948
3 0.00935106 0.936458 0.0541911
3 0.0427747 0.855011 0.102214
3 0.0547212 0.902619 0.0426596
3 0.0334454 0.93733 0.0292242
3 0.025679 0.911803 0.0625184
3 0.0119939 0.934226 0.0537797
3 0.0544975 0.866791 0.0787113
3 0.0856775 0.889275 0.0250475
3 0.012662 0.856223 0.131116
3 0.0553385 0.892257 0.0524046
3 0.0198475 0.845789 0.134364
3 0.0262228 0.838572 0.135206
3 0.0148464 0.867202 0.117951
3 0.0244556 0.813424 0.162121
3 0.0148855 0.948642 0.0364721
3 0.0244279 0.874516 0.101056
3 0.0102944 0.753062 0.236643
3 0.098754 0.506184 0.395062
3 0.0484888 0.838664 0.112847
3 0.00385325 0.734227 0.26192
3 0.0113008 0.94159 0.0471094
3 0.00858996 0.875092 0.116318
3 0.0413607 0.887614 0.0710255
3 0.0799814 0.848618 0.0714005
3 0.03362 0.501909 0.464471
1 0.0450907 0.157402 0.797507
1 0.0586234 0.403298 0.538079
1 0.026609 0.195528 0.777863
3 0.0649164 0.624414 0.31067
3 0.244671 0.379268 0.376061
1 0.0272451 0.0701646 0.90259
1 0.284317 0.0880981 0.627585
1 0.0412014 0.380326 0.578472
1 0.0238924 0.429231 0.546876
1 0.0354279 0.294939 0.669633
1 0.201204 0.0464535 0.752343
3 0.0363854 0.584435 0.379179
1 0.0270566 0.485964 0.48698
1 0.0509959 0.415019 0.533985
1 0.0565539 0.318487 0.624959
1 0.0486636 0.0964515 0.854885
1 0.0769254 0.23914 0.683935
1 0.0209572 0.00695641 0.972086
3 0.0561524 0.768478 0.17537
1 0.0134673 0.0704132 0.916119
1 0.0149967 0.389884 0.59512
1 0.00130159 0.00527772 0.993421
3 0.0195617 0.592839 0.387599
1 0.0432295 0.107285 0.849486
3 0.1052 0.484288 0.410513
3 0.030497 0.618138 0.351365
3 0.0128981 0.765319 0.221782
1 0.0109559 0.00676414 0.98228
3 0.0390306 0.523079 0.437891
3 0.0778488 0.724279 0.197872
1 0.0171021 0.0667562 0.916142
1 0.127493 0.418645 0.453862
3 0.0122538 0.561484 0.426262
1 0.00609262 0.398272 0.595635
1 0.00828006 0.0172274 0.974493
1 0.0504499 0.0970256 0.852524
1 0.0449619 0.0605634 0.894475
1 0.0324293 0.0793256 0.888245
1 0.0407586 0.105467 0.853774
1 0.324183 0.189187 0.48663
1 0.0106158 0.0648765 0.924508
3 0.0648609 0.580841 0.354298
