labels 2 3 1
2 0.993546 0.0033681 0.00308593
3 0.143845 0.71577 0.140384
2 0.821074 0.0755225 0.103403
2 0.485381 0.138929 0.375689
1 0.213995 0.0557331 0.730272
3 0.175386 0.468263 0.356351
3 0.0691165 0.854982 0.0759013
1 0.0545135 0.402008 0.543479
1 0.288734 0.179034 0.532232
3 0.0487065 0.774011 0.177283
2 0.434861 0.419062 0.146077
3 0.00656419 0.511512 0.481923
3 0.0466729 0.871041 0.082286
3 0.224822 0.585411 0.189767
1 0.0357928 0.0945602 0.869647
3 0.0441983 0.94178 0.014022
3 0.0409372 0.833052 0.126011
3 0.113105 0.744835 0.142061
3 0.100045 0.615973 0.283983
3 0.0371822 0.904609 0.0582093
3 0.0364362 0.905476 0.0580878
3 0.0529911 0.79517 0.151839
3 0.0278294 0.926789 0.0453819
3 0.0450959 0.898319 0.0565846
3 0.0258237 0.938606 0.0355702
3 0.0234463 0.710354 0.266199
3 0.0844517 0.855281 0.0602672
3 0.0850596 0.819966 0.0949749
3 0.0515207 0.910127 0.0383523
3 0.0349423 0.941594 0.0234636
3 0.0524961 0.785618 0.161886
3 0.0129394 0.977578 0.00948264
3 0.0541198 0.917651 0.0282295
3 0.0262964 0.961629 0.0120741
3 0.0194272 0.839106 0.141467
3 0.0651051 0.866481 0.0684135
3 0.0546616 0.9245 0.0208381
3 0.0643828 0.86487 0.0707469
3 0.0273925 0.955187 0.0174208
3 0.0151604 0.680391 0.304449
3 0.0226621 0.946562 0.0307759
3 0.0640374 0.852401 0.0835621
3 0.0924205 0.716602 0.190978
3 0.032429 0.850932 0.116639
3 0.0770071 0.885341 0.0376514
3 0.118087 0.840617 0.041296
3 0.0594136 0.760746 0.17984
3 0.0331992 0.926846 0.0399551
3 0.0506384 0.891442 0.0579198
3 0.0314825 0.929611 0.038907
3 0.0500769 0.882109 0.0678139
3 0.0636125 0.861304 0.0750832
3 0.0532058 0.888025 0.0587694
3 0.0352621 0.870799 0.0939393
3 0.0395344 0.691607 0.268859
3 0.0556668 0.852144 0.0921892
3 0.0473672 0.891974 0.0606589
3 0.0407875 0.845882 0.11333
3 0.0573641 0.763384 0.179252
3 0.0208463 0.873842 0.105312
3 0.0424224 0.891918 0.0656596
3 0.0431924 0.915963 0.0408444
3 0.0704093 0.700605 0.228986
3 0.101845 0.746569 0.151585
3 0.0578821 0.873653 0.0684651
3 0.0437686 0.865053 0.0911783
3 0.099426 0.776098 0.124476
3 0.0278443 0.912326 0.0598293
3 0.0558464 0.839574 0.10458
3 0.0668122 0.888512 0.0446754
3 0.0267551 0.81387 0.159375
3 0.0458027 0.870086 0.0841114
3 0.0443909 0.892384 0.0632251
3 0.0623011 0.842223 0.0954758
3 0.0350143 0.901574 0.0634113
3 0.050873 0.877311 0.0718161
3 0.01959 0.963623 0.0167865
3 0.017559 0.956583 0.0258582
3 0.0356139 0.937708 0.0266776
3 0.050348 0.937841 0.0118109
3 0.0540939 0.915479 0.0304271
3 0.0728204 0.877079 0.0501007
3 0.0744182 0.880038 0.0455435
3 0.0744182 0.880038 0.0455435
3 0.0499986 0.864584 0.0854172
3 0.0217864 0.950014 0.0281999
3 0.0399975 0.930321 0.0296817
3 0.0285085 0.925794 0.0456974
3 0.0667615 0.917884 0.0153542
3 0.0552312 0.760789 0.18398
3 0.0278485 0.944011 0.0281408
3 0.0330528 0.917184 0.0497629
3 0.0750315 0.787247 0.137722
3 0.203237 0.729112 0.067651
3 0.0251721 0.940219 0.0346092
3 0.0503134 0.905499 0.0441879
3 0.0309221 0.922975 0.0461028
3 0.0218587 0.963127 0.015014
3 0.0606537 0.833139 0.106207
3 0.0307729 0.928845 0.0403817
3 0.0247091 0.87706 0.0982313
3 0.0169594 0.86722 0.115821
3 0.00990878 0.974404 0.0156875
3 0.012434 0.932861 0.0547049
3 0.056611 0.928523 0.0148658
3 0.0600017 0.928313 0.0116855
3 0.0480079 0.923464 0.0285282
3 0.064324 0.87367 0.0620061
3 0.0635429 0.920585 0.0158725
3 0.0403825 0.895888 0.0637296
3 0.0329451 0.810339 0.156716
3 0.153569 0.73413 0.112301
3 0.0795561 0.833853 0.0865909
3 0.0606551 0.863776 0.0755693
3 0.0735319 0.8137 0.112768
3 0.0206183 0.873261 0.106121
3 0.0696094 0.821723 0.108668
3 0.0197168 0.860748 0.119536
3 0.0293109 0.905365 0.0653237
3 0.0755793 0.612837 0.311584
3 0.0501181 0.899794 0.0500879
3 0.290668 0.611018 0.0983136
3 0.0290351 0.929887 0.0410774
3 0.0602012 0.928312 0.0114869
3 0.0247866 0.952165 0.0230481
3 0.0322001 0.946167 0.0216326
3 0.072013 0.806265 0.121722
3 0.0309613 0.917343 0.0516956
3 0.0208837 0.942315 0.0368011
3 0.0339866 0.895151 0.0708628
3 0.0392402 0.904039 0.0567204
3 0.0644363 0.874053 0.061511
3 0.0291567 0.914022 0.0568214
3 0.0659023 0.895572 0.0385259
3 0.0239538 0.940728 0.0353178
3 0.0300459 0.946512 0.0234424
3 0.0328603 0.945537 0.0216026
3 0.0482686 0.928441 0.0232902
3 0.0596964 0.863833 0.076471
3 0.0355884 0.891219 0.0731923
3 0.0350264 0.932708 0.0322656
3 0.0419539 0.91471 0.043336
3 0.0419539 0.91471 0.043336
3 0.0561961 0.904366 0.0394377
3 0.0311143 0.933978 0.034908
3 0.0221017 0.811661 0.166237
3 0.121154 0.808231 0.0706151
3 0.0841569 0.836556 0.0792872
3 0.0475318 0.851782 0.100687
3 0.0494945 0.853077 0.0974284
3 0.0367496 0.944333 0.0189171
3 0.0424427 0.759167 0.19839
3 0.0589757 0.82365 0.117374
3 0.0374232 0.939301 0.0232759
3 0.0690654 0.90171 0.0292244
3 0.0352039 0.844691 0.120105
3 0.0295375 0.941304 0.0291587
3 0.066476 0.826081 0.107443
3 0.0367715 0.914688 0.0485408
3 0.0815266 0.852777 0.0656963
3 0.0619191 0.811012 0.127069
3 0.0755617 0.825098 0.0993407
3 0.0486452 0.910796 0.0405592
3 0.0358108 0.91373 0.0504594
3 0.0225529 0.915958 0.0614894
3 0.0715671 0.888017 0.0404159
3 0.0713734 0.858939 0.0696871
3 0.0602086 0.905438 0.0343531
3 0.0212793 0.899724 0.0789966
3 0.0455532 0.924277 0.0301695
3 0.037198 0.901396 0.0614058
3 0.0853033 0.85934 0.0553569
3 0.0337117 0.935238 0.0310504
3 0.00776028 0.966035 0.0262047
3 0.0191396 0.962515 0.0183449
3 0.141153 0.78303 0.0758173
3 0.032713 0.889943 0.0773437
3 0.0150481 0.897021 0.0879311
1 0.0879477 0.0167567 0.895296
3 0.166876 0.583782 0.249342
1 0.33555 0.0490971 0.615353
1 0.257182 0.117212 0.625606
1 0.176667 0.137205 0.686128
1 0.0479811 0.0291504 0.922869
3 0.183406 0.620182 0.196412
1 0.0667957 0.0324534 0.900751
3 0.0127035 0.623762 0.363535
1 0.0208642 0.0702928 0.908843
1 0.0571216 0.39953 0.543348
1 0.181199 0.0801431 0.738658
1 0.309567 0.212117 0.478316
3 0.0959701 0.603445 0.300585
3 0.0265255 0.686383 0.287092
1 0.0388936 0.314 0.647107
1 0.24791 0.106175 0.645915
1 0.0610253 0.108865 0.830109
1 0.0195895 0.370132 0.610278
3 0.0474823 0.757252 0.195266
1 0.180816 0.143865 0.675319
3 0.110677 0.771573 0.117749
2 0.773393 0.059341 0.167266
1 0.021943 0.139038 0.839018
3 0.302652 0.420663 0.276686
3 0.195343 0.466384 0.338273
3 0.195343 0.466384 0.338273
2 0.6169 0.0193164 0.363784
3 0.0207002 0.522586 0.456713
3 0.021003 0.6179 0.361097
3 0.0152433 0.568819 0.415938
3 0.0278581 0.705162 0.266979
1 0.113006 0.274984 0.61201
1 0.105145 0.0718742 0.822981
1 0.0107009 0.128857 0.860442
3 0.0466901 0.91417 0.0391403
3 0.0852719 0.827195 0.0875329
3 0.067671 0.881835 0.0504944
3 0.0496701 0.882905 0.0674246
3 0.0480807 0.897702 0.054217
3 0.0444316 0.885708 0.0698608
3 0.0332331 0.920948 0.0458189
3 0.0285254 0.932166 0.0393083
3 0.0389386 0.866839 0.094222
3 0.0411093 0.866997 0.0918935
3 0.0429241 0.849365 0.107711
3 0.0391847 0.908478 0.0523369
3 0.0542654 0.85045 0.0952847
3 0.0453617 0.927344 0.0272938
3 0.0704202 0.820566 0.109014
3 0.0807063 0.861401 0.0578923
3 0.0701134 0.846976 0.0829109
3 0.0439547 0.793027 0.163018
3 0.0226904 0.640552 0.336757
3 0.0392243 0.846031 0.114745
3 0.0306319 0.839606 0.129762
3 0.0400642 0.882549 0.0773873
3 0.0347116 0.929972 0.0353168
3 0.0386184 0.926801 0.0345804
3 0.0499795 0.914092 0.035928
3 0.0345128 0.853606 0.111881
3 0.051265 0.852656 0.096079
3 0.0479182 0.912493 0.0395891
3 0.0309937 0.919975 0.0490312
3 0.0315185 0.940598 0.0278836
3 0.050172 0.905336 0.0444923
3 0.0338128 0.875786 0.0904015
3 0.0619996 0.846632 0.0913685
3 0.054413 0.86369 0.0818975
3 0.035669 0.936482 0.0278486
3 0.0563334 0.856028 0.0876382
3 0.03856 0.884541 0.076899
3 0.03856 0.884541 0.076899
3 0.0504615 0.927649 0.0218896
3 0.0289596 0.864691 0.10635
3 0.0366798 0.912751 0.0505694
3 0.035258 0.934233 0.0305094
3 0.0573603 0.901226 0.0414133
3 0.0444898 0.881551 0.0739593
3 0.0543024 0.857325 0.0883728
3 0.0468774 0.91526 0.0378628
3 0.0526473 0.8875 0.0598524
3 0.0695264 0.809179 0.121295
3 0.067075 0.893782 0.039143
3 0.0328067 0.887101 0.0800927
3 0.0541107 0.908154 0.0377351
3 0.0337617 0.856487 0.109751
3 0.0215065 0.905292 0.0732012
3 0.03609 0.889141 0.0747687
3 0.0426305 0.848257 0.109113
3 0.0195304 0.907978 0.0724914
3 0.0505614 0.868297 0.0811412
3 0.0830074 0.774041 0.142952
3 0.0423794 0.875854 0.0817671
3 0.0754302 0.861852 0.0627179
3 0.0740153 0.772825 0.15316
3 0.0540664 0.822881 0.123053
3 0.0407629 0.92957 0.0296668
3 0.0331317 0.848019 0.11885
3 0.0560463 0.698016 0.245938
3 0.0471735 0.898642 0.0541847
3 0.0757648 0.842086 0.0821494
3 0.0478704 0.920489 0.0316402
3 0.0401729 0.880363 0.0794646
2 0.724435 0.0117929 0.263772
1 0.0943389 0.160381 0.74528
1 0.0313225 0.0939209 0.874757
1 0.0364912 0.0584959 0.905013
1 0.00475653 0.228932 0.766311
1 0.014291 0.407263 0.578446
1 0.130121 0.136855 0.733023
1 0.232144 0.0865757 0.68128
1 0.0104476 0.00512381 0.984429
1 0.075698 0.0503442 0.873958
1 0.0326647 0.114623 0.852712
3 0.0147551 0.573751 0.411494
1 0.0269507 0.284263 0.688786
1 0.0106884 0.0335333 0.955778
1 0.0844401 0.0365978 0.878962
3 0.0238332 0.56251 0.413657
1 0.0447835 0.299214 0.656002
1 0.0588836 0.0830722 0.858044
3 0.0970817 0.472327 0.430591
1 0.173894 0.408868 0.417238
3 0.0257495 0.507311 0.46694
1 0.00791746 0.41479 0.577293
3 0.0267885 0.543889 0.429322
3 0.0516931 0.671678 0.276629
1 0.0358961 0.163433 0.800671
3 0.0389764 0.814602 0.146421
3 0.0158498 0.950499 0.0336514
3 0.0541371 0.895592 0.0502709
3 0.0253637 0.837103 0.137533
3 0.0241112 0.925275 0.050614
3 0.0374929 0.901655 0.0608518
3 0.0105396 0.665598 0.323862
3 0.19422 0.734536 0.0712439
3 0.0470404 0.92409 0.0288694
3 0.0285231 0.916425 0.0550523
1 0.0308395 0.356777 0.612384
3 0.0798435 0.854509 0.065647
3 0.0351624 0.915169 0.0496687
3 0.0564317 0.907476 0.036092
3 0.0296697 0.928789 0.0415414
3 0.0263373 0.910311 0.0633515
3 0.0231199 0.920532 0.0563483
3 0.0602925 0.893205 0.0465027
3 0.0100955 0.811305 0.1786
3 0.0128179 0.770294 0.216888
3 0.0195891 0.923784 0.0566264
3 0.0533955 0.896774 0.0498305
3 0.0204214 0.915591 0.0639871
3 0.0218206 0.957002 0.0211775
3 0.0134563 0.861417 0.125127
3 0.0465342 0.913909 0.0395571
3 0.0794036 0.893871 0.0267255
3 0.0124263 0.966982 0.0205917
3 0.0229666 0.862537 0.114497
3 0.0223505 0.702402 0.275247
3 0.0527398 0.905183 0.0420776
3 0.00532192 0.97178 0.022898
3 0.030248 0.89845 0.0713024
3 0.0697693 0.84214 0.0880907
3 0.0313653 0.931075 0.0375594
3 0.0211179 0.846909 0.131973
3 0.031377 0.861919 0.106704
3 0.0407917 0.915264 0.0439448
3 0.0801991 0.883638 0.0361633
3 0.0205493 0.942472 0.0369786
3 0.0693462 0.641464 0.28919
3 0.0179466 0.940368 0.0416857
3 0.0369107 0.92918 0.0339089
3 0.0133894 0.892496 0.0941144
3 0.0268451 0.959508 0.0136467
3 0.0339891 0.917557 0.0484537
3 0.0185409 0.793624 0.187835
3 0.0367171 0.929153 0.0341303
3 0.0600932 0.848677 0.0912301
3 0.0146957 0.905453 0.0798513
3 0.0280126 0.894275 0.0777124
3 0.0106208 0.610182 0.379197
3 0.0143871 0.878635 0.106978
3 0.0329291 0.916714 0.0503569
3 0.128462 0.811718 0.0598197
3 0.0529859 0.840505 0.106509
3 0.0467933 0.891682 0.0615252
3 0.0098186 0.942859 0.047322
3 0.0151034 0.942156 0.0427402
3 0.0825234 0.87577 0.0417062
3 0.0796164 0.872375 0.0480088
3 0.011438 0.977331 0.0112315
3 0.00748719 0.582318 0.410195
3 0.0132991 0.781046 0.205655
3 0.0837686 0.827868 0.0883634
3 0.0121649 0.968778 0.0190573
1 0.0304996 0.293144 0.676357
3 0.0390728 0.764141 0.196786
3 0.0427808 0.832802 0.124417
3 0.0183212 0.684436 0.297242
3 0.0399552 0.735641 0.224404
3 0.0337218 0.895337 0.0709414
3 0.0242286 0.94956 0.0262116
3 0.0229886 0.797375 0.179636
1 0.011249 0.160317 0.828434
3 0.0186469 0.861941 0.119412
3 0.036036 0.764528 0.199436
3 0.0104336 0.810535 0.179032
3 0.00513292 0.964306 0.0305609
3 0.0184185 0.556072 0.42551
3 0.0242497 0.935177 0.0405729
3 0.0108539 0.971938 0.0172082
3 0.084731 0.709787 0.205482
3 0.0194613 0.947938 0.0326004
3 0.0380276 0.893038 0.0689347
3 0.00406222 0.989373 0.00656507
3 0.0318283 0.827895 0.140277
3 0.0239077 0.499101 0.476991
3 0.00971581 0.976455 0.0138293
3 0.0391707 0.892511 0.0683179
3 0.0555135 0.900875 0.0436117
3 0.0172117 0.892068 0.09072
3 0.0784607 0.892163 0.029376
3 0.00840379 0.759001 0.232596
3 0.0740773 0.860589 0.0653334
3 0.0250939 0.776061 0.198845
3 0.0229786 0.825533 0.151488
3 0.0203513 0.648923 0.330726
3 0.0180957 0.921524 0.0603803
3 0.00946688 0.750503 0.24003
3 0.0180085 0.968733 0.0132588
3 0.0348169 0.892043 0.0731401
3 0.0387434 0.921632 0.039625
3 0.0511431 0.910314 0.0385427
3 0.0178181 0.925006 0.0571756
3 0.0731728 0.883288 0.0435391
3 0.0367664 0.934582 0.0286517
3 0.0179059 0.888703 0.0933909
3 0.00503604 0.64969 0.345274
3 0.0188573 0.741781 0.239362
3 0.0185638 0.939427 0.0420096
3 0.024752 0.936017 0.0392312
3 0.0158607 0.745275 0.238864
3 0.0158502 0.920982 0.0631675
3 0.0332263 0.940012 0.0267621
3 0.0301975 0.932739 0.0370636
3 0.00882048 0.7475 0.24368
3 0.0274535 0.897739 0.0748073
3 0.00672481 0.914122 0.0791534
3 0.0646011 0.874348 0.0610513
3 0.05385 0.800051 0.146099
3 0.035771 0.924528 0.0397012
3 0.0580475 0.85144 0.0905128
3 0.0106448 0.832098 0.157257
3 0.0134183 0.688993 0.297589
3 0.0155371 0.93794 0.0465225
3 0.00855171 0.565415 0.426034
3 0.0108697 0.958186 0.0309441
3 0.0330452 0.916468 0.0504863
3 0.00967215 0.938677 0.0516507
3 0.0212002 0.775725 0.203075
3 0.0386454 0.865067 0.0962873
3 0.0722168 0.861811 0.0659723
3 0.0440663 0.877867 0.0780666
3 0.0340539 0.903263 0.062683
3 0.0217583 0.85294 0.125301
3 0.0373858 0.90464 0.0579745
3 0.0182717 0.773896 0.207833
3 0.0436635 0.871288 0.0850481
3 0.0283749 0.953074 0.0185509
3 0.0234804 0.958951 0.0175685
3 0.0534794 0.92276 0.023761
3 0.0540871 0.89369 0.0522228
3 0.0260018 0.871011 0.102987
3 0.0181002 0.512039 0.469861
3 0.0102566 0.866837 0.122906
3 0.0578528 0.754948 0.187199
3 0.0143827 0.756577 0.22904
3 0.0141324 0.717718 0.268149
3 0.00531693 0.96049 0.0341933
3 0.0584098 0.889629 0.0519608
3 0.0102423 0.903515 0.0862431
3 0.016761 0.967967 0.0152718
3 0.00875969 0.917471 0.0737689
3 0.022697 0.66862 0.308683
3 0.0217343 0.830156 0.14811
3 0.00746156 0.90487 0.0876682
3 0.0184228 0.951869 0.0297085
3 0.046523 0.86519 0.0882872
3 0.0243961 0.79838 0.177224
3 0.0301716 0.915008 0.0548208
3 0.0401985 0.916629 0.0431724
3 0.0210921 0.949632 0.0292759
3 0.0493507 0.896101 0.0545485
3 0.085815 0.863984 0.0502006
3 0.0806542 0.886965 0.032381
3 0.0405095 0.903767 0.0557238
3 0.120886 0.842938 0.0361758
3 0.0112435 0.852921 0.135835
3 0.0378307 0.9275 0.0346692
3 0.0219207 0.92855 0.0495294
3 0.0810061 0.893409 0.0255852
3 0.0486387 0.894299 0.0570624
3 0.025782 0.851298 0.12292
3 0.0113052 0.91327 0.0754247
3 0.0692597 0.907844 0.0228967
3 0.0300954 0.761947 0.207957
3 0.0604143 0.882084 0.0575016
3 0.0448082 0.795606 0.159586
3 0.0448017 0.91896 0.0362386
3 0.0369158 0.931619 0.0314648
3 0.0503627 0.924874 0.0247635
3 0.0575515 0.748055 0.194393
3 0.0240956 0.857895 0.11801
3 0.0226046 0.849044 0.128351
1 0.0101275 0.48888 0.500993
3 0.0172128 0.541904 0.440883
3 0.00421507 0.913372 0.0824134
3 0.0196051 0.930621 0.0497742
3 0.0127236 0.974539 0.0127371
3 0.0237188 0.646599 0.329683
3 0.0835863 0.825205 0.0912092
3 0.0506032 0.891589 0.0578075
3 0.0519696 0.912138 0.0358927
3 0.0278848 0.930885 0.0412305
3 0.0889013 0.819662 0.0914362
3 0.00554845 0.671244 0.323207
3 0.0441583 0.907791 0.0480511
3 0.00895568 0.960652 0.030392
3 0.0159749 0.963532 0.0204935
3 0.00581747 0.977873 0.0163093
3 0.0235934 0.891779 0.0846271
3 0.00554656 0.951982 0.0424718
3 0.0590094 0.896459 0.0445311
3 0.0544575 0.885446 0.0600963
3 0.0353685 0.933723 0.0309084
3 0.0603645 0.921238 0.0183972
3 0.0580454 0.916356 0.0255983
3 0.0314543 0.930957 0.0375887
3 0.0241062 0.911866 0.0640275
3 0.0241469 0.887239 0.0886144
3 0.0157965 0.95557 0.0286334
3 0.0269339 0.943817 0.0292492
3 0.057142 0.875225 0.0676333
3 0.0193935 0.746055 0.234551
3 0.0492473 0.896394 0.0543583
3 0.108309 0.83368 0.0580116
3 0.0451207 0.920809 0.0340701
3 0.0413622 0.885449 0.0731891
3 0.0361407 0.928088 0.0357709
3 0.0242671 0.898076 0.0776573
3 0.0412964 0.906993 0.0517107
3 0.134191 0.830922 0.0348864
3 0.0320543 0.954605 0.0133409
3 0.0245111 0.949366 0.0261231
3 0.0537454 0.914375 0.0318797
3 0.0169072 0.946545 0.0365481
3 0.0193068 0.932416 0.0482767
3 0.0249572 0.943841 0.0312015
3 0.11186 0.867478 0.0206618
3 0.0298017 0.92988 0.0403183
3 0.0175762 0.928658 0.0537661
3 0.0167997 0.573687 0.409513
3 0.0155116 0.839311 0.145177
3 0.00473312 0.932537 0.0627301
3 0.0221966 0.967231 0.010572
3 0.0325327 0.912232 0.0552358
3 0.0230617 0.930924 0.0460138
3 0.042963 0.893617 0.0634201
3 0.00720842 0.926404 0.0663876
3 0.015229 0.788456 0.196315
3 0.0375178 0.920604 0.0418779
3 0.0356519 0.748409 0.215939
3 0.0469931 0.909041 0.0439655
3 0.0174676 0.614949 0.367583
3 0.0116356 0.606883 0.381482
3 0.0131711 0.914895 0.0719335
3 0.0468927 0.80791 0.145197
3 0.0339331 0.848548 0.117519
3 0.0257491 0.944145 0.0301061
3 0.0151847 0.894811 0.0900038
3 0.0172808 0.933973 0.0487458
3 0.139742 0.779399 0.0808591
3 0.0238937 0.851517 0.124589
3 0.0175517 0.969459 0.0129889
3 0.0152255 0.881053 0.103722
3 0.0324729 0.817638 0.149889
3 0.00724041 0.96421 0.0285498
3 0.0100963 0.920726 0.0691781
3 0.0216306 0.937918 0.0404517
3 0.013241 0.748084 0.238675
3 0.011778 0.859535 0.128687
3 0.0487546 0.904167 0.0470779
3 0.0207323 0.955345 0.0239228
3 0.0280379 0.943137 0.0288255
3 0.0204325 0.887455 0.0921127
3 0.0304889 0.916402 0.053109
3 0.00885347 0.865805 0.125342
3 0.00554624 0.916188 0.0782653
3 0.0217553 0.941829 0.0364155
3 0.0197226 0.940291 0.0399867
3 0.0188253 0.887823 0.0933521
3 0.0472454 0.921685 0.0310699
3 0.038493 0.89271 0.0687967
3 0.0228354 0.947214 0.0299508
3 0.0046888 0.789976 0.205335
3 0.041797 0.924031 0.0341722
3 0.0313364 0.899873 0.0687902
3 0.0364225 0.930854 0.0327237
3 0.0192328 0.824222 0.156545
3 0.00799537 0.928872 0.0631328
3 0.0433934 0.732487 0.22412
3 0.0216396 0.891171 0.0871892
3 0.0216396 0.891171 0.0871892
3 0.0318019 0.838956 0.129242
3 0.0228996 0.923224 0.0538763
3 0.0111305 0.762443 0.226426
3 0.0321258 0.882819 0.0850554
3 0.0241097 0.908329 0.067561
3 0.0261434 0.82583 0.148027
3 0.0261584 0.944704 0.0291375
3 0.0328939 0.927688 0.0394183
3 0.0901551 0.644908 0.264937
3 0.0149711 0.877976 0.107053
3 0.0189154 0.954147 0.0269375
3 0.0362774 0.916053 0.0476694
3 0.0340876 0.921056 0.0448561
3 0.0172236 0.902695 0.0800809
3 0.0223199 0.925822 0.0518585
3 0.0238745 0.933377 0.0427489
3 0.0127305 0.915207 0.0720621
3 0.00535707 0.865811 0.128832
3 0.0242197 0.889021 0.0867597
3 0.044578 0.876569 0.0788532
3 0.0427607 0.918443 0.0387968
3 0.0163342 0.917994 0.065672
3 0.0177201 0.968822 0.0134576
3 0.00721033 0.957565 0.035225
3 0.0473033 0.899136 0.053561
3 0.00674103 0.956516 0.0367434
3 0.0205072 0.948548 0.0309444
3 0.0900866 0.861853 0.0480608
3 0.062769 0.888819 0.0484118
3 0.0273695 0.898719 0.0739118
3 0.0854782 0.88376 0.030762
3 0.0179476 0.841519 0.140533
3 0.0157895 0.913823 0.070387
3 0.0156879 0.760055 0.224257
3 0.0553232 0.839842 0.104835
1 0.0184396 0.0111871 0.970373
1 0.00574203 0.00139484 0.992863
1 0.0446753 0.0879189 0.867406
1 0.0802727 0.0307747 0.888953
1 0.0922074 0.12306 0.784733
1 0.0500492 0.051048 0.898903
1 0.00302957 0.314745 0.682225
1 0.0149225 0.165715 0.819363
1 0.0103471 0.0597907 0.929862
1 0.123991 0.0677341 0.808275
1 0.0656154 0.457274 0.47711
1 0.0416292 0.273557 0.684814
3 0.0895556 0.528084 0.38236
1 0.0295486 0.00249382 0.967958
1 0.0722046 0.150036 0.77776
3 0.071943 0.646935 0.281122
1 0.0478373 0.105199 0.846963
1 0.0188082 0.00118808 0.980004
1 0.0082927 0.00997119 0.981736
1 0.0359886 0.284125 0.679886
1 0.0467862 0.0404207 0.912793
1 0.0446392 0.0379795 0.917381
1 0.105843 0.0269062 0.86725
1 0.113888 0.221983 0.664129
1 0.138268 0.0468132 0.814918
2 0.849547 0.0612852 0.0891681
1 0.15115 0.348357 0.500493
2 0.474977 0.240045 0.284978
1 0.472658 0.0337833 0.493559
2 0.736221 0.183173 0.0806062
2 0.63828 0.310304 0.0514161
2 0.63828 0.310304 0.0514161
3 0.0575063 0.917929 0.0245645
2 0.548112 0.360778 0.0911102
1 0.0822668 0.0679105 0.849823
2 0.959967 0.00123146 0.0388014
2 0.892904 0.0167876 0.0903086
2 0.543197 0.068991 0.387812
2 0.844293 0.130767 0.02494
2 0.575502 0.34666 0.077838
2 0.541261 0.312034 0.146706
2 0.764084 0.050119 0.185797
3 0.0172629 0.906971 0.0757657
3 0.254753 0.527303 0.217944
2 0.868189 0.118377 0.0134336
2 0.805996 0.0424169 0.151587
2 0.841574 0.0642284 0.094198
3 0.229251 0.586533 0.184216
3 0.326457 0.46818 0.205363
1 0.197852 0.175225 0.626923
2 0.582392 0.383414 0.0341947
2 0.915294 0.00184035 0.0828659
2 0.995927 0.000480413 0.00359211
3 0.238133 0.686489 0.0753782
3 0.0418237 0.907576 0.0506002
2 0.877177 0.0351533 0.0876693
1 0.411932 0.150862 0.437206
3 0.0462267 0.592937 0.360836
3 0.119034 0.520284 0.360682
1 0.253778 0.212701 0.533521
3 0.112043 0.759272 0.128685
2 0.890596 0.000286978 0.109117
3 0.23844 0.598883 0.162678
2 0.715924 0.107895 0.176181
2 0.777672 0.091891 0.130437
2 0.527304 0.0778635 0.394833
3 0.263095 0.39185 0.345055
1 0.377158 0.0727729 0.550069
1 0.156722 0.0946766 0.748601
2 0.978442 0.0057988 0.0157591
1 0.374994 0.225564 0.399442
3 0.275354 0.425061 0.299585
2 0.900437 0.0908952 0.00866821
3 0.134184 0.705089 0.160727
2 0.531922 0.364009 0.104069
3 0.159935 0.694005 0.14606
3 0.144396 0.743408 0.112196
2 0.934898 0.0362456 0.028856
3 0.437425 0.438041 0.124534
3 0.399185 0.450833 0.149982
2 0.471279 0.358336 0.170385
2 0.910259 0.0385986 0.0511421
2 0.715206 0.0502341 0.23456
2 0.940066 0.0428895 0.0170442
3 0.211891 0.528528 0.25958
2 0.718442 0.144316 0.137242
2 0.900437 0.0908952 0.00866821
2 0.906225 0.0624041 0.031371
3 0.432949 0.441266 0.125785
2 0.948247 0.0255976 0.0261555
2 0.843413 0.134879 0.0217078
3 0.347107 0.477826 0.175067
3 0.0738227 0.793054 0.133123
2 0.747501 0.127917 0.124582
3 0.0516839 0.77664 0.171676
2 0.713964 0.0968208 0.189216
3 0.0350457 0.618173 0.346782
2 0.545653 0.186591 0.267756
2 0.622125 0.101401 0.276474
1 0.160228 0.22948 0.610292
3 0.103266 0.825236 0.0714982
1 0.297746 0.0772189 0.625035
1 0.114202 0.169275 0.716523
2 0.657183 0.271873 0.0709445
3 0.433703 0.453466 0.112831
3 0.0449265 0.931596 0.023477
2 0.460575 0.454816 0.0846097
2 0.384646 0.343514 0.271839
1 0.381081 0.183629 0.435289
2 0.990032 0.00203618 0.00793139
1 0.309556 0.150631 0.539813
2 0.580253 0.328691 0.0910562
3 0.310332 0.53682 0.152848
1 0.165244 0.379011 0.455745
3 0.358955 0.431566 0.209479
1 0.00309525 0.0809157 0.915989
3 0.33744 0.62217 0.04039
3 0.37701 0.499715 0.123275
3 0.0512835 0.856783 0.0919333
1 0.23666 0.330502 0.432838
2 0.751434 0.075243 0.173323
1 0.428864 0.0899028 0.481233
2 0.772905 0.097829 0.129266
2 0.797442 0.0910797 0.111478
1 0.00248354 0.414678 0.582839
3 0.0579528 0.805556 0.136491
3 0.326408 0.620602 0.0529905
3 0.188811 0.646703 0.164487
2 0.650255 0.0591833 0.290562
3 0.0397215 0.901222 0.0590563
3 0.170468 0.469696 0.359836
3 0.0831299 0.866642 0.050228
3 0.0636278 0.593239 0.343133
3 0.335315 0.536437 0.128247
1 0.0182294 0.458468 0.523303
1 0.103502 0.107853 0.788645
3 0.040536 0.876261 0.0832026
3 0.291168 0.567128 0.141704
3 0.071053 0.785683 0.143264
3 0.0600452 0.85067 0.0892843
3 0.173349 0.644629 0.182022
1 0.42864 0.072647 0.498713
3 0.0485357 0.900437 0.051027
3 0.0161844 0.928717 0.0550985
3 0.102992 0.855593 0.0414153
3 0.0249182 0.762257 0.212824
3 0.0310499 0.901649 0.0673007
3 0.212703 0.684637 0.102659
3 0.0349017 0.745859 0.219239
3 0.0955503 0.749924 0.154526
3 0.0612346 0.872635 0.0661304
3 0.0333236 0.50969 0.456986
3 0.0327773 0.855513 0.111709
3 0.0730302 0.858647 0.0683224
3 0.00924183 0.711716 0.279042
2 0.420642 0.400856 0.178502
3 0.031737 0.50727 0.460992
1 0.1016 0.134086 0.764314
2 0.580998 0.277955 0.141047
2 0.830223 0.0724985 0.0972781
3 0.0230544 0.92761 0.0493359
3 0.101069 0.782223 0.116708
3 0.0422877 0.864121 0.0935913
3 0.135463 0.785026 0.0795108
3 0.0285394 0.821104 0.150357
3 0.0453799 0.777472 0.177148
3 1.70369e-05 0.997926 0.00205706
3 0.26226 0.619195 0.118545
3 0.0522279 0.724191 0.223581
3 0.302711 0.657217 0.0400716
2 0.914807 0.00897543 0.0762171
2 0.679253 0.138099 0.182648
3 0.0821212 0.709612 0.208266
3 0.0229813 0.863907 0.113111
3 0.150025 0.694714 0.15526
3 0.0998929 0.815278 0.0848288
3 0.0603432 0.755664 0.183992
1 0.430691 0.0864237 0.482885
3 0.0248881 0.947241 0.027871
1 0.0398492 0.111183 0.848967
1 0.157627 0.401993 0.44038
3 0.024581 0.967797 0.00762166
3 0.160906 0.682337 0.156757
3 0.00967663 0.915817 0.0745059
3 0.409939 0.48835 0.101711
3 0.0221645 0.851236 0.126599
3 0.0201425 0.740871 0.238987
1 0.105597 0.191136 0.703266
3 0.283688 0.582148 0.134164
1 0.100843 0.0207497 0.878408
1 0.043847 0.0905275 0.865625
3 0.0876243 0.786051 0.126324
3 0.0467295 0.82788 0.125391
1 0.11125 0.376771 0.51198
3 0.135328 0.6588 0.205872
2 0.736703 0.248271 0.015026
2 0.797986 0.134558 0.0674561
1 0.158629 0.128983 0.712387
3 0.0389484 0.746018 0.215033
1 0.243083 0.0528062 0.70411
3 0.065777 0.849211 0.0850118
3 0.132059 0.776293 0.0916474
2 0.578062 0.349674 0.0722647
3 0.134473 0.681285 0.184242
2 0.771479 0.102368 0.126153
3 0.114575 0.812266 0.0731587
1 0.249159 0.160621 0.59022
1 0.143193 0.420604 0.436202
3 0.0404072 0.56642 0.393173
1 0.453631 0.024993 0.521376
1 0.0501807 0.179935 0.769885
3 0.132622 0.740983 0.126395
1 0.243277 0.031484 0.725239
2 0.997295 7.67045e-05 0.00262857
1 0.268308 0.0895131 0.642179
2 0.761906 0.00107694 0.237017
3 0.226971 0.623494 0.149535
2 0.808813 0.070492 0.120695
1 0.309716 0.0817525 0.608531
3 0.11432 0.700434 0.185246
3 0.262904 0.400614 0.336483
1 0.00177263 0.330274 0.667953
2 0.707478 0.0433882 0.249134
3 0.279851 0.547928 0.172222
1 0.301191 0.0549841 0.643825
1 0.116815 0.0257092 0.857475
1 0.438825 0.0982366 0.462939
1 0.129665 0.0328345 0.837501
1 0.169706 0.17926 0.651035
1 0.0661306 0.0226077 0.911262
1 0.173602 0.0363521 0.790046
3 0.0129798 0.928033 0.0589876
1 0.087244 0.0273171 0.885439
1 0.129931 0.253092 0.616978
1 0.39142 0.0534971 0.555083
1 0.106144 0.18832 0.705537
3 0.0654407 0.791465 0.143094
1 0.10109 0.0621399 0.83677
3 0.362263 0.554358 0.0833788
1 0.0697055 0.0996215 0.830673
1 0.0697055 0.0996215 0.830673
3 0.03232 0.777368 0.190312
2 0.456432 0.415917 0.127651
2 0.707801 0.0153721 0.276827
3 0.0503718 0.854937 0.0946907
3 0.0958608 0.771143 0.132996
1 0.33555 0.0490971 0.615353
3 0.0399854 0.931684 0.0283306
2 0.700705 0.0375412 0.261754
1 0.0903645 0.217079 0.692557
2 0.516914 0.135108 0.347978
1 0.248365 0.153582 0.598053
1 0.382973 0.0483834 0.568643
1 0.295906 0.0549014 0.649193
3 0.0159258 0.508783 0.475292
1 0.151122 0.38803 0.460848
2 0.41342 0.176194 0.410387
2 0.623931 0.0918622 0.284207
1 0.0103063 0.0206786 0.969015
3 0.0318483 0.519132 0.449019
1 0.18919 0.0206525 0.790157
3 0.26589 0.635107 0.0990033
1 0.232488 0.0797548 0.687757
1 0.222427 0.00919886 0.768374
3 0.0276026 0.836784 0.135613
1 0.116564 0.0349809 0.848456
3 0.094615 0.720775 0.18461
3 0.0910661 0.758027 0.150907
1 0.264996 0.0217903 0.713214
1 0.056856 0.199912 0.743232
2 0.675602 0.0143303 0.310068
1 0.164042 0.224284 0.611674
1 0.0797926 0.268772 0.651435
1 0.0797926 0.268772 0.651435
3 0.0454042 0.824464 0.130131
1 0.439434 0.036086 0.52448
1 0.157132 0.0432259 0.799642
1 0.239292 0.158367 0.602341
1 0.14741 0.0864807 0.766109
3 0.111996 0.564027 0.323977
3 0.0404258 0.904148 0.0554261
3 0.0404258 0.904148 0.0554261
1 0.0270708 0.0561227 0.916806
1 0.248682 0.0306069 0.720712
1 0.258825 0.114678 0.626497
2 0.993267 7.87367e-05 0.00665457
3 0.0725506 0.690936 0.236513
1 0.135943 0.288652 0.575405
1 0.315245 0.285118 0.399638
3 0.0771965 0.658785 0.264019
3 0.129587 0.822353 0.0480607
3 0.0400498 0.84084 0.11911
3 0.0400498 0.84084 0.11911
1 0.0720117 0.0426598 0.885329
3 0.0405448 0.765829 0.193626
1 0.265566 0.16854 0.565894
3 0.0443413 0.727811 0.227848
1 0.00940738 0.00277085 0.987822
2 0.895698 0.0670876 0.037214
1 0.0332735 0.321162 0.645565
1 0.174914 0.30023 0.524857
2 0.544041 0.048617 0.407342
3 0.247398 0.458022 0.29458
2 0.498615 0.15047 0.350915
3 0.0390122 0.677308 0.283679
2 0.85542 0.0698192 0.0747609
1 0.466503 0.0610197 0.472477
1 0.132014 0.252523 0.615463
1 0.00971 0.349809 0.640481
1 0.0078507 0.254096 0.738053
3 0.201611 0.454858 0.343531
2 0.790355 0.0104473 0.199198
2 0.81223 0.0231202 0.16465
2 0.735286 0.141178 0.123536
2 0.761957 0.00463087 0.233412
3 0.220364 0.534311 0.245326
2 0.518852 0.190671 0.290477
3 0.108981 0.667068 0.223951
3 0.0591345 0.75403 0.186835
1 0.257651 0.212736 0.529614
3 0.2763 0.560453 0.163247
3 0.0763186 0.912087 0.0115945
3 0.161426 0.622171 0.216403
1 0.359803 0.102643 0.537554
1 0.378774 0.217671 0.403555
3 0.172661 0.667937 0.159402
2 0.450276 0.302087 0.247636
3 0.292693 0.437106 0.270201
3 0.129603 0.465904 0.404493
3 0.0740129 0.6966 0.229387
3 0.0510128 0.655741 0.293246
1 0.0844536 0.150194 0.765352
1 0.18961 0.196953 0.613437
3 0.428126 0.45127 0.120604
2 0.554824 0.0316245 0.413552
1 0.283231 0.00995082 0.706819
3 0.292256 0.440052 0.267692
1 0.021943 0.139038 0.839018
3 0.428126 0.45127 0.120604
3 0.054853 0.907059 0.0380881
3 0.248329 0.613337 0.138334
3 0.0668655 0.851439 0.0816955
3 0.223206 0.521799 0.254995
2 0.485439 0.241971 0.272589
3 0.0364783 0.781935 0.181587
1 0.111439 0.238153 0.650408
3 0.052366 0.875929 0.0717052
2 0.626903 0.329823 0.0432743
3 0.0954449 0.500963 0.403593
3 0.0318063 0.598841 0.369353
3 0.0272063 0.836493 0.1363
1 0.161872 0.0646903 0.773437
3 0.038984 0.878751 0.0822652
2 0.738265 0.0121079 0.249627
3 0.0706741 0.527004 0.402322
3 0.0949431 0.837604 0.0674525
3 0.0117161 0.949355 0.0389291
3 0.0949816 0.825373 0.0796458
1 0.187861 0.347276 0.464863
1 0.0291466 0.436588 0.534265
3 0.0432375 0.858083 0.0986792
3 0.148998 0.466764 0.384238
3 0.0592359 0.736379 0.204385
1 0.269497 0.0169542 0.713548
3 0.333751 0.553811 0.112439
3 0.0772963 0.843398 0.0793053
3 0.0788108 0.839385 0.0818042
1 0.0723441 0.0122665 0.915389
3 0.0694864 0.767366 0.163148
3 0.011845 0.76722 0.220935
3 0.166033 0.491201 0.342766
3 0.0692213 0.710409 0.22037
1 0.260701 0.128107 0.611192
3 0.12174 0.818366 0.0598939
3 0.0810314 0.740254 0.178714
3 0.0400425 0.561075 0.398882
3 0.0308977 0.839472 0.12963
3 0.0335556 0.886955 0.0794892
3 0.0352741 0.675887 0.288839
3 0.0147252 0.726438 0.258837
3 0.0287511 0.813525 0.157724
3 0.0874421 0.460956 0.451602
3 0.0621846 0.691352 0.246463
1 0.0632136 0.3692 0.567586
3 0.048735 0.817082 0.134183
3 0.139724 0.656288 0.203987
3 0.0543517 0.593318 0.35233
3 0.103773 0.490516 0.40571
3 0.13168 0.551098 0.317222
1 0.33231 0.311092 0.356598
3 0.0700429 0.831088 0.0988695
3 0.116627 0.647607 0.235766
2 0.571976 0.0801199 0.347904
3 0.0169499 0.845177 0.137873
2 0.477757 0.453692 0.0685515
3 0.0407026 0.753744 0.205554
3 0.00880172 0.825703 0.165495
3 0.036694 0.887758 0.0755485
3 0.143034 0.715959 0.141006
3 0.238866 0.610479 0.150655
3 0.233662 0.546961 0.219377
3 0.0313108 0.661411 0.307278
3 0.131211 0.830784 0.038005
2 0.508548 0.168449 0.323003
3 0.0651661 0.850115 0.0847188
3 0.0294535 0.896106 0.0744409
1 0.23429 0.278978 0.486733
3 0.0230656 0.850143 0.126791
1 0.0385904 0.0117174 0.949692
3 0.0150703 0.916594 0.0683362
3 0.103295 0.768874 0.127831
3 0.0437264 0.737668 0.218606
3 0.0820066 0.632598 0.285395
3 0.0226037 0.869567 0.107829
3 0.100951 0.532197 0.366852
3 0.122669 0.552909 0.324422
3 0.0521196 0.927884 0.0199962
1 0.0161807 0.478769 0.50505
2 0.593099 0.0848198 0.322082
3 0.0347658 0.773889 0.191345
2 0.759462 0.0465718 0.193966
3 0.0225944 0.93218 0.0452259
3 0.198182 0.664207 0.137612
3 0.198182 0.664207 0.137612
3 0.0148694 0.922984 0.0621465
3 0.0134438 0.967709 0.0188477
1 0.056468 0.423784 0.519748
3 0.0363785 0.62471 0.338911
3 0.163313 0.681779 0.154909
3 0.173344 0.769947 0.0567093
3 0.0370615 0.746487 0.216451
3 0.183561 0.450357 0.366082
1 0.187384 0.0577898 0.754827
1 0.370392 0.124403 0.505205
2 0.532628 0.0901216 0.377251
2 0.452995 0.302837 0.244168
1 0.17988 0.0373435 0.782776
1 0.288105 0.29151 0.420385
1 0.202668 0.0669647 0.730367
1 0.0213572 0.0278026 0.95084
3 0.0313125 0.874731 0.0939569
1 0.0776823 0.172709 0.749609
1 0.0378599 0.0246418 0.937498
1 0.0436991 0.152846 0.803455
1 0.0119435 0.305986 0.682071
1 0.132956 0.184051 0.682992
1 0.107521 0.0955305 0.796948
1 0.02861 0.0645784 0.906812
1 0.324035 0.107092 0.568873
1 0.0878141 0.112189 0.799997
1 0.0807163 0.0128768 0.906407
1 0.308733 0.0942525 0.597015
1 0.124792 0.228566 0.646641
3 0.0168891 0.763892 0.219219
1 0.228189 0.0109341 0.760877
1 0.0434197 0.141411 0.81517
1 0.0783679 0.143719 0.777913
3 0.137195 0.447709 0.415096
1 0.170304 0.374416 0.45528
1 0.217535 0.256484 0.525981
1 0.0740725 0.0237957 0.902132
1 0.239365 0.0619285 0.698707
1 0.379487 0.109924 0.510589
1 0.0584041 0.0395702 0.902026
1 0.132074 0.00145713 0.866469
1 0.197325 0.0556687 0.747006
1 0.0742934 0.461562 0.464144
3 0.0197993 0.88366 0.0965406
1 0.105064 0.0298208 0.865115
1 0.0848681 0.0636402 0.851492
1 0.373676 0.0488934 0.577431
1 0.116559 0.08147 0.801971
1 0.156764 0.0366942 0.806542
1 0.119009 0.0378696 0.843122
3 0.0576693 0.548182 0.394148
1 0.117409 0.0412152 0.841376
1 0.184914 0.0550724 0.760013
1 0.211495 0.00582572 0.78268
1 0.0933258 0.045862 0.860812
1 0.00800654 0.452821 0.539172
1 0.0939539 0.0197506 0.886295
3 0.229844 0.553884 0.216272
1 0.0169196 0.411141 0.57194
3 0.071103 0.613498 0.315399
1 0.078235 0.112879 0.808886
3 0.0343342 0.550187 0.415479
1 0.0216848 0.409855 0.56846
3 0.0370615 0.746487 0.216451
3 0.0394124 0.61132 0.349268
3 0.0231738 0.497063 0.479763
1 0.0232712 0.0485617 0.928167
1 0.0253985 0.374013 0.600589
1 0.336739 0.184953 0.478308
1 0.249947 0.184477 0.565576
1 0.111792 0.0398601 0.848348
3 0.0893112 0.708189 0.2025
3 0.115189 0.530215 0.354596
1 0.0487151 0.348391 0.602894
1 0.0527097 0.0405956 0.906695
1 0.00894506 0.101215 0.88984
1 0.03665 0.0902636 0.873086
3 0.0715234 0.528206 0.400271
1 0.389242 0.0419335 0.568824
3 0.0126841 0.638426 0.34889
2 0.597732 0.0246429 0.377625
1 0.00838876 0.456031 0.53558
1 0.118317 0.2598 0.621884
3 0.0314027 0.822649 0.145949
3 0.0249065 0.828725 0.146369
1 0.0582851 0.0685114 0.873204
1 0.0505261 0.00877582 0.940698
1 0.0345033 0.0959332 0.869563
3 0.0334676 0.552524 0.414008
1 0.0521449 0.100001 0.847854
1 0.129195 0.0067727 0.864032
3 0.0659604 0.500172 0.433868
1 0.111092 0.115242 0.773666
3 0.0981742 0.603615 0.298211
2 0.920394 0.0111362 0.0684702
3 0.193803 0.463829 0.342369
3 0.0365395 0.866317 0.0971437
1 0.0753565 0.397592 0.527052
3 0.0945175 0.652463 0.253019
2 0.43563 0.155358 0.409012
1 0.0344895 0.216971 0.74854
1 0.11538 0.046526 0.838094
1 0.236563 0.0288649 0.734572
1 0.016523 0.0191602 0.964317
3 0.0365935 0.665913 0.297493
1 0.11751 0.0856862 0.796803
2 0.43143 0.185395 0.383175
1 0.0509651 0.0413386 0.907696
3 0.0972141 0.536079 0.366707
3 0.135 0.577177 0.287823
2 0.695497 0.00426858 0.300235
3 0.18713 0.513326 0.299544
3 0.0423293 0.657024 0.300646
1 0.102532 0.110523 0.786945
3 0.0229465 0.736825 0.240228
3 0.153081 0.517952 0.328967
3 0.0378577 0.685435 0.276707
3 0.0315424 0.598921 0.369537
3 0.069448 0.615087 0.315465
3 0.0701202 0.537124 0.392756
3 0.0757046 0.593823 0.330472
3 0.0826558 0.63763 0.279714
1 0.045493 0.0133424 0.941165
3 0.0200746 0.723036 0.25689
3 0.0293762 0.793816 0.176808
3 0.0613992 0.678998 0.259603
3 0.0139834 0.750192 0.235824
3 0.0638034 0.790081 0.146116
3 0.0203399 0.940278 0.0393822
3 0.0150368 0.769357 0.215606
1 0.0135321 0.105678 0.88079
3 0.0660327 0.485557 0.44841
3 0.0222805 0.71093 0.26679
3 0.0112843 0.510103 0.478612
3 0.061392 0.671628 0.26698
1 0.0100509 0.211635 0.778314
1 0.0207001 0.434335 0.544965
1 0.0554755 0.0462486 0.898276
2 0.43271 0.135572 0.431718
3 0.139208 0.663849 0.196943
1 0.188226 0.143104 0.668671
3 0.0411098 0.73479 0.224101
3 0.102186 0.751184 0.14663
3 0.0176159 0.759 0.223384
3 0.052117 0.800332 0.147551
3 0.0611935 0.523202 0.415604
3 0.0304588 0.626424 0.343118
1 0.0230408 0.390079 0.58688
1 0.163696 0.0706484 0.765656
3 0.0490761 0.732892 0.218032
3 0.0490761 0.732892 0.218032
3 0.0428105 0.890963 0.0662261
3 0.0272236 0.784203 0.188574
3 0.0291463 0.791999 0.178855
3 0.0111395 0.797897 0.190963
3 0.0343905 0.876031 0.0895783
3 0.0477931 0.650025 0.302182
3 0.0500867 0.714643 0.235271
3 0.0650489 0.637581 0.29737
3 0.0350162 0.821285 0.143699
3 0.0263264 0.713286 0.260388
3 0.0375308 0.737241 0.225228
3 0.0613022 0.80134 0.137358
1 0.103903 0.0766997 0.819398
3 0.0268143 0.889931 0.0832551
1 0.0868433 0.196106 0.71705
3 0.0391508 0.572139 0.38871
1 0.0340815 0.361416 0.604503
1 0.317999 0.185544 0.496458
3 0.0819782 0.719082 0.19894
3 0.0773668 0.816447 0.106186
1 0.124055 0.203711 0.672234
3 0.03225 0.798564 0.169186
3 0.0112346 0.684088 0.304677
3 0.0588425 0.729407 0.21175
1 0.176152 0.255235 0.568612
1 0.27632 0.255726 0.467953
3 0.0216713 0.736452 0.241877
3 0.0448429 0.807213 0.147944
1 0.0285896 0.227963 0.743448
2 0.775545 0.0645429 0.159912
2 0.377686 0.261041 0.361273
1 0.0644744 0.0113805 0.924145
3 0.0253634 0.687996 0.286641
1 0.074573 0.228255 0.697172
3 0.0376045 0.539427 0.422968
3 0.0463844 0.631285 0.322331
1 0.103572 0.0999742 0.796454
3 0.285187 0.453624 0.261189
3 0.0185964 0.759273 0.222131
3 0.0430798 0.870403 0.0865167
3 0.0189399 0.95776 0.0233001
3 0.013439 0.745824 0.240737
3 0.0114082 0.657372 0.33122
3 0.0239465 0.786926 0.189128
3 0.0139048 0.964827 0.0212685
3 0.0123003 0.894246 0.0934533
3 0.0364235 0.926504 0.0370725
3 0.0215879 0.927094 0.0513185
3 0.0164494 0.818802 0.164748
3 0.0230421 0.88507 0.0918874
3 0.0180646 0.757994 0.223942
1 0.00496184 0.46924 0.525799
3 0.0350342 0.910794 0.0541718
3 0.0310261 0.940025 0.0289485
3 0.0131208 0.893621 0.0932579
3 0.0203813 0.942417 0.0372018
3 0.0113763 0.929851 0.0587723
3 0.0293401 0.917034 0.053626
3 0.0115986 0.928107 0.0602946
3 0.0176365 0.829794 0.15257
3 0.0801691 0.838285 0.0815454
3 0.0149107 0.923922 0.0611669
3 0.0209985 0.920013 0.0589881
3 0.0609696 0.89365 0.04538
3 0.0249364 0.901008 0.0740555
3 0.008695 0.973359 0.0179464
3 0.0108642 0.84419 0.144946
3 0.04898 0.922908 0.0281123
3 0.0381386 0.876549 0.0853123
3 0.0301468 0.928893 0.04096
3 0.0306109 0.944389 0.025
3 0.0351753 0.912161 0.0526635
3 0.0260728 0.965901 0.0080265
3 0.0510608 0.877035 0.0719043
3 0.0538509 0.90432 0.0418294
3 0.0129869 0.921253 0.0657597
3 0.0288518 0.937139 0.0340091
3 0.0290696 0.868661 0.102269
3 0.00525023 0.958788 0.0359614
3 0.0103818 0.859992 0.129626
3 0.0192869 0.777036 0.203677
3 0.0246231 0.964341 0.0110354
3 0.0493432 0.90365 0.0470072
3 0.0492679 0.876674 0.0740582
3 0.0357922 0.867565 0.0966432
3 0.0464739 0.886498 0.067028
3 0.0103184 0.965102 0.0245797
3 0.0488079 0.927285 0.0239071
3 0.0124128 0.9675 0.0200876
3 0.0422564 0.890171 0.0675731
3 0.00450679 0.971689 0.0238041
3 0.0326533 0.912702 0.0546451
3 0.0163925 0.872405 0.111203
3 0.0322665 0.927004 0.0407295
3 0.0890552 0.850732 0.0602123
3 0.0353593 0.825648 0.138992
3 0.0223791 0.765808 0.211812
1 0.00305034 0.00235969 0.99459
3 0.0906326 0.456081 0.453287
1 0.0345087 0.192754 0.772737
1 0.106349 0.293802 0.599849
1 0.0885958 0.0616132 0.849791
1 0.0828347 0.257399 0.659766
1 0.103458 0.111458 0.785085
1 0.0304427 0.0884051 0.881152
1 0.0679553 0.0496791 0.882366
1 0.0819993 0.0436924 0.874308
1 0.0650747 0.321034 0.613891
1 0.12388 0.0353755 0.840744
1 0.0983258 0.0881741 0.8135
1 0.0728147 0.0235611 0.903624
1 0.00191271 0.204113 0.793975
3 0.0153691 0.524891 0.45974
1 0.22324 0.158153 0.618606
1 0.221461 0.0894706 0.689069
3 0.0517696 0.541947 0.406283
3 0.0180311 0.768713 0.213256
3 0.0238146 0.542315 0.43387
1 0.0519251 0.122453 0.825622
1 0.0182977 0.36094 0.620762
1 0.0242088 0.249817 0.725974
1 0.0294247 0.003683 0.966892
1 0.0275659 0.424185 0.548249
3 0.0171331 0.632332 0.350535
1 0.0405085 0.370204 0.589288
1 0.112338 0.0935029 0.79416
3 0.0231945 0.773106 0.203699
1 0.0618517 0.123612 0.814537
1 0.11324 0.228123 0.658637
3 0.0149618 0.57959 0.405448
