labels 2 3 1
2 0.910229 0.00317049 0.0866
3 0.165098 0.709014 0.125888
3 0.403153 0.553827 0.0430202
1 0.392284 0.131319 0.476397
2 0.767015 0.210618 0.0223665
2 0.889222 0.0457334 0.0650442
3 0.0654203 0.828084 0.106495
2 0.750345 0.0456357 0.204019
3 0.117164 0.498813 0.384023
3 0.0121361 0.791516 0.196348
3 0.172143 0.709616 0.118241
3 0.0169637 0.710481 0.272556
3 0.0258135 0.750491 0.223695
3 0.13745 0.509531 0.353019
3 0.047227 0.664456 0.288317
3 0.0451626 0.798755 0.156082
3 0.030169 0.959383 0.0104484
3 0.0508052 0.900538 0.0486569
3 0.153187 0.721101 0.125712
3 0.0418862 0.892872 0.0652418
3 0.0414948 0.895308 0.063197
3 0.100579 0.839432 0.0599893
3 0.0476344 0.885533 0.0668327
3 0.0238853 0.923881 0.0522337
3 0.0154964 0.934721 0.049783
3 0.0776938 0.840913 0.0813934
3 0.0683707 0.868498 0.0631315
3 0.0606937 0.825799 0.113507
3 0.029333 0.910848 0.0598193
3 0.012921 0.840479 0.1466
3 0.0398583 0.919327 0.0408151
3 0.0427337 0.918638 0.0386283
3 0.0320109 0.919535 0.048454
3 0.0107786 0.966584 0.0226378
3 0.0314652 0.889047 0.079488
3 0.0379693 0.938012 0.0240188
3 0.102135 0.805423 0.0924419
3 0.0379173 0.874131 0.0879514
3 0.0379173 0.874131 0.0879514
3 0.0545122 0.890377 0.0551107
3 0.104375 0.837394 0.0582314
3 0.0748025 0.875496 0.0497015
3 0.0314157 0.917764 0.0508204
3 0.201905 0.683511 0.114584
3 0.0633596 0.83419 0.10245
3 0.0804555 0.871587 0.0479571
3 0.0675268 0.847299 0.0851742
3 0.0378071 0.866598 0.0955952
3 0.0233362 0.849158 0.127505
3 0.0370551 0.871305 0.0916402
3 0.0527827 0.86194 0.0852777
3 0.0228948 0.868368 0.108737
3 0.0504445 0.840071 0.109485
3 0.043067 0.885805 0.0711278
3 0.0257239 0.858314 0.115962
3 0.0185393 0.923002 0.0584591
3 0.0370178 0.891906 0.0710765
3 0.0218324 0.731947 0.24622
3 0.0423723 0.879226 0.0784018
3 0.0397595 0.915403 0.0448378
3 0.0635302 0.88224 0.0542293
3 0.0386144 0.939022 0.0223634
3 0.0892188 0.782587 0.128194
3 0.0225347 0.766675 0.21079
3 0.0225347 0.766675 0.21079
3 0.0412154 0.91656 0.0422243
3 0.0177268 0.844932 0.137341
3 0.0179859 0.948252 0.033762
3 0.0333188 0.892156 0.0745253
3 0.0386314 0.944763 0.0166052
3 0.0217712 0.922362 0.055867
3 0.0270012 0.925344 0.0476547
3 0.0432011 0.912844 0.0439547
3 0.0415051 0.884249 0.0742463
3 0.0581522 0.921578 0.0202702
3 0.0169938 0.947417 0.035589
3 0.0281489 0.881608 0.0902429
3 0.0281489 0.881608 0.0902429
3 0.0433846 0.862364 0.0942509
3 0.0352592 0.927352 0.0373885
3 0.0345285 0.912258 0.0532137
3 0.040348 0.905543 0.0541094
3 0.0451371 0.866256 0.0886073
3 0.0497095 0.902628 0.0476623
3 0.0507895 0.919253 0.0299571
3 0.032495 0.939369 0.0281361
3 0.0213792 0.936911 0.0417102
3 0.0550478 0.870896 0.074056
3 0.0516617 0.91614 0.0321984
3 0.0220902 0.878732 0.0991774
3 0.0329011 0.813692 0.153407
3 0.103967 0.821472 0.0745605
3 0.061427 0.921189 0.017384
3 0.061427 0.921189 0.017384
3 0.0416541 0.873279 0.0850671
3 0.0273737 0.814299 0.158327
3 0.044848 0.907257 0.0478955
3 0.0612344 0.919243 0.0195221
3 0.0236901 0.78933 0.18698
3 0.0208607 0.860053 0.119086
3 0.0395371 0.870482 0.0899807
3 0.0479646 0.899303 0.0527322
3 0.0462167 0.920792 0.0329915
3 0.038691 0.892969 0.0683401
3 0.0519418 0.869771 0.0782867
3 0.0876731 0.895142 0.0171854
3 0.0261513 0.912985 0.060864
3 0.084194 0.869714 0.046092
3 0.026484 0.929569 0.0439472
3 0.116608 0.686042 0.19735
3 0.0241785 0.856447 0.119374
3 0.0201871 0.804961 0.174851
3 0.0186805 0.893751 0.087568
3 0.0386677 0.883477 0.0778555
3 0.0407981 0.801094 0.158107
3 0.0306875 0.910171 0.0591415
3 0.0559949 0.893514 0.0504913
3 0.0784718 0.856112 0.0654164
3 0.0530674 0.848482 0.0984504
3 0.0414639 0.875312 0.0832241
3 0.0627006 0.917198 0.0201013
3 0.0376675 0.920448 0.0418848
3 0.0335178 0.941333 0.0251488
3 0.0191718 0.952892 0.0279367
3 0.02558 0.951459 0.0229607
3 0.0265971 0.95122 0.0221831
3 0.0424694 0.909051 0.0484799
3 0.0306816 0.951661 0.0176578
3 0.0376967 0.893808 0.0684957
3 0.038449 0.887753 0.0737981
3 0.0586819 0.874345 0.0669732
3 0.0417192 0.890519 0.0677619
3 0.038894 0.90825 0.0528561
3 0.0419079 0.878517 0.0795747
3 0.100206 0.835455 0.0643397
3 0.113941 0.802865 0.0831935
3 0.0263397 0.921363 0.0522976
3 0.0669743 0.841187 0.0918385
3 0.0291247 0.919319 0.0515565
3 0.0301501 0.919734 0.0501163
3 0.0868061 0.810941 0.102252
3 0.0440078 0.875613 0.0803794
3 0.0278344 0.935143 0.0370229
3 0.0279937 0.915611 0.0563954
3 0.0546218 0.860385 0.0849931
3 0.0320747 0.843923 0.124002
3 0.0454133 0.896751 0.0578362
3 0.0630382 0.877126 0.0598354
3 0.0422829 0.894742 0.0629752
3 0.0606694 0.870181 0.0691491
3 0.0606694 0.870181 0.0691491
3 0.0540346 0.870332 0.0756332
3 0.0222596 0.857525 0.120215
3 0.0576699 0.814104 0.128226
3 0.0623615 0.8339 0.103739
3 0.0456914 0.89567 0.0586385
3 0.0493551 0.907305 0.04334
3 0.0290227 0.920129 0.0508484
3 0.0736095 0.853172 0.0732183
3 0.0266794 0.86576 0.107561
3 0.0531777 0.735991 0.210832
3 0.0371664 0.890226 0.0726076
3 0.137741 0.80388 0.0583787
3 0.0180798 0.908372 0.0735483
3 0.143881 0.758524 0.0975946
3 0.0863071 0.868568 0.045125
3 0.0330495 0.850938 0.116012
3 0.0298821 0.830827 0.139291
3 0.0400698 0.879389 0.0805416
3 0.405908 0.452349 0.141743
1 0.0535322 0.0227416 0.923726
1 0.0448435 0.073523 0.881633
1 0.0571774 0.137205 0.805618
1 0.17911 0.222024 0.598865
1 0.0416145 0.109677 0.848709
3 0.0463383 0.766756 0.186906
1 0.0334268 0.0595289 0.907044
1 0.0334268 0.0595289 0.907044
1 0.0268206 0.146762 0.826418
1 0.0360957 0.0559205 0.907984
1 0.0130669 0.016811 0.970122
2 0.471442 0.332392 0.196166
1 0.0303148 0.164802 0.804883
1 0.0301483 0.0988753 0.870976
3 0.121462 0.61303 0.265508
1 0.189827 0.0717448 0.738428
1 0.160668 0.0597693 0.779563
3 0.210459 0.700334 0.0892071
1 0.12685 0.327997 0.545153
1 0.0262289 0.129266 0.844505
1 0.0194332 0.248099 0.732468
2 0.870186 0.067649 0.0621646
2 0.803807 0.0195329 0.17666
3 0.339984 0.416012 0.244005
2 0.428194 0.401674 0.170133
3 0.0136718 0.814548 0.17178
1 0.0525665 0.198243 0.74919
1 0.0812757 0.125545 0.793179
3 0.165348 0.69874 0.135912
3 0.0154698 0.892022 0.0925085
2 0.551836 0.104654 0.34351
3 0.169551 0.512563 0.317886
3 0.0989292 0.559986 0.341084
3 0.38786 0.509351 0.102788
3 0.0485639 0.795687 0.155749
3 0.038495 0.898879 0.0626263
3 0.0320053 0.769121 0.198873
3 0.0398348 0.844631 0.115534
3 0.0385222 0.841773 0.119705
3 0.0729905 0.818989 0.10802
3 0.0504543 0.769746 0.179799
3 0.109999 0.803826 0.0861752
3 0.0579175 0.877086 0.0649968
3 0.0240716 0.789292 0.186636
3 0.0466 0.839841 0.113559
3 0.0605128 0.829444 0.110043
3 0.0382015 0.894341 0.0674573
3 0.0322347 0.874296 0.0934695
3 0.0692517 0.856917 0.0738316
3 0.0484727 0.88892 0.0626076
3 0.0551766 0.809253 0.135571
3 0.037928 0.819752 0.14232
3 0.0660148 0.835678 0.098307
3 0.109098 0.770185 0.120716
3 0.0493346 0.865221 0.0854443
3 0.0742397 0.880087 0.0456735
3 0.0432065 0.889599 0.0671944
3 0.0506459 0.876774 0.0725797
3 0.142591 0.800478 0.0569311
3 0.0480482 0.827987 0.123965
3 0.0541828 0.891801 0.0540158
3 0.0348751 0.849342 0.115783
3 0.0348751 0.849342 0.115783
3 0.0486541 0.847641 0.103705
3 0.0905967 0.799495 0.109909
3 0.0702683 0.877197 0.0525348
3 0.0627528 0.861991 0.0752557
3 0.0339997 0.762446 0.203555
3 0.0493453 0.851676 0.0989784
3 0.0478819 0.75239 0.199728
3 0.0360901 0.919418 0.0444919
3 0.0429397 0.919808 0.0372525
3 0.0619359 0.841194 0.0968702
3 0.049896 0.762035 0.188069
3 0.070572 0.831865 0.0975632
3 0.0869458 0.810425 0.102629
3 0.0818165 0.866326 0.0518578
3 0.0572416 0.878203 0.0645556
3 0.0506976 0.896192 0.0531107
3 0.038029 0.918881 0.0430899
3 0.0558756 0.829949 0.114176
3 0.0795043 0.788097 0.132398
3 0.0533396 0.853977 0.0926836
3 0.0315685 0.83696 0.131471
3 0.0467194 0.867306 0.0859744
3 0.0306534 0.809542 0.159804
3 0.0953679 0.756648 0.147984
3 0.0467236 0.901918 0.0513588
3 0.0312171 0.895789 0.0729942
3 0.0532813 0.885741 0.0609777
3 0.0274145 0.797853 0.174733
3 0.0555356 0.90669 0.0377746
3 0.0612233 0.825952 0.112825
3 0.058314 0.849307 0.0923785
3 0.047075 0.858154 0.0947709
3 0.0710827 0.559258 0.36966
1 0.097458 0.0407558 0.861786
3 0.0128772 0.773918 0.213205
1 0.0483319 0.0490744 0.902594
1 0.0458173 0.0898772 0.864306
1 0.147068 0.328646 0.524285
1 0.291099 0.0634632 0.645438
1 0.204054 0.0590264 0.73692
1 0.0362411 0.453002 0.510757
1 0.045009 0.153764 0.801227
3 0.0777766 0.732159 0.190064
1 0.00732314 0.279281 0.713396
3 0.0632792 0.549421 0.3873
1 0.129164 0.0767736 0.794063
1 0.0609835 0.104332 0.834685
3 0.0664999 0.528694 0.404806
3 0.00815447 0.57599 0.415856
3 0.0218196 0.584059 0.394122
3 0.0315673 0.654087 0.314346
3 0.00718488 0.743066 0.249749
3 0.0134198 0.695977 0.290603
1 0.176629 0.205577 0.617794
1 0.0532087 0.0913045 0.855487
3 0.0592294 0.834134 0.106636
3 0.0862091 0.852042 0.0617487
3 0.0611049 0.900045 0.0388504
3 0.0557774 0.823212 0.121011
3 0.031498 0.573534 0.394968
3 0.00759951 0.843088 0.149313
3 0.0206031 0.892977 0.0864199
3 0.065374 0.859395 0.0752315
3 0.107341 0.874387 0.018272
3 0.070901 0.880268 0.0488307
3 0.0168517 0.805772 0.177376
1 0.0442514 0.141643 0.814106
3 0.0617051 0.881073 0.0572222
3 0.0130945 0.899941 0.0869648
3 0.101004 0.863012 0.0359842
3 0.0631214 0.73948 0.197398
3 0.0216297 0.898379 0.0799914
3 0.0499004 0.849461 0.100639
3 0.0590893 0.881365 0.0595461
3 0.0194921 0.848002 0.132506
3 0.0202212 0.726624 0.253155
3 0.0344904 0.924278 0.041232
3 0.0461666 0.872106 0.0817271
3 0.139418 0.802654 0.0579285
3 0.0272062 0.856823 0.11597
3 0.0328608 0.891224 0.0759149
3 0.0238183 0.955618 0.0205639
3 0.0448245 0.92174 0.0334358
3 0.0356864 0.866159 0.0981545
3 0.0509549 0.765748 0.183298
3 0.015161 0.872797 0.112042
3 0.0247495 0.940379 0.0348711
3 0.0336876 0.921323 0.0449896
3 0.0310372 0.907664 0.0612992
3 0.025237 0.724399 0.250364
3 0.0462897 0.888466 0.0652446
3 0.0801124 0.863396 0.0564915
3 0.0549986 0.896173 0.0488284
3 0.0479826 0.901464 0.050553
3 0.0551533 0.896129 0.0487173
3 0.0508818 0.902187 0.046931
3 0.0508818 0.902187 0.046931
3 0.0219393 0.958268 0.0197923
3 0.0450613 0.894925 0.0600136
3 0.0171746 0.965826 0.0169994
3 0.0371347 0.865298 0.0975672
3 0.0800544 0.879012 0.0409336
3 0.0577905 0.904508 0.0377011
3 0.021336 0.962992 0.0156715
3 0.0176028 0.55949 0.422907
1 0.0401415 0.252052 0.707806
3 0.0502107 0.899064 0.0507251
3 0.0516387 0.773012 0.175349
3 0.0334048 0.772155 0.194441
3 0.0555207 0.894588 0.0498912
3 0.0795367 0.881702 0.038761
3 0.032636 0.69583 0.271534
3 0.0360027 0.808663 0.155334
3 0.0133445 0.96284 0.0238159
3 0.0644317 0.863051 0.0725172
3 0.0279455 0.934787 0.037268
3 0.0192997 0.967158 0.0135418
3 0.0591592 0.858342 0.0824987
3 0.0440162 0.773391 0.182593
3 0.0654134 0.842839 0.0917472
3 0.0122289 0.874317 0.113455
3 0.0997572 0.798714 0.101528
3 0.0385935 0.743103 0.218304
3 0.0631248 0.883813 0.0530625
3 0.0145368 0.923138 0.0623251
3 0.0379726 0.753377 0.20865
3 0.0394864 0.78542 0.175094
3 0.0388288 0.660755 0.300416
3 0.0421903 0.880003 0.0778068
3 0.0368594 0.803384 0.159757
3 0.0246226 0.805196 0.170182
3 0.062596 0.832826 0.104578
3 0.0279651 0.912736 0.0592991
3 0.0566672 0.889633 0.0536997
3 0.0168662 0.925512 0.057622
3 0.00881571 0.910036 0.0811481
3 0.0129314 0.956132 0.0309365
3 0.0300208 0.946839 0.02314
3 0.0305038 0.816303 0.153193
1 0.00864605 0.431818 0.559536
3 0.016448 0.963406 0.0201456
3 0.0169415 0.877064 0.105995
3 0.0178642 0.878251 0.103884
3 0.0124504 0.87269 0.11486
3 0.0283221 0.839338 0.13234
3 0.0054352 0.984847 0.00971821
3 0.0608252 0.792001 0.147174
3 0.0162785 0.949006 0.0347151
3 0.0356926 0.893421 0.0708865
3 0.152931 0.659035 0.188033
3 0.0733693 0.883724 0.0429064
3 0.0128787 0.94977 0.0373516
3 0.0369147 0.930952 0.0321337
3 0.0071013 0.596144 0.396754
3 0.233006 0.552978 0.214016
3 0.0321796 0.912184 0.0556366
3 0.02631 0.931539 0.0421511
3 0.0191251 0.95364 0.0272345
3 0.0397819 0.741943 0.218275
3 0.0385353 0.939758 0.0217063
3 0.0246042 0.911439 0.0639571
3 0.0369503 0.931546 0.0315035
3 0.00582435 0.955309 0.0388671
3 0.0407287 0.848612 0.110659
3 0.0324845 0.855693 0.111823
3 0.0102184 0.831001 0.15878
3 0.0308843 0.95356 0.0155561
3 0.0810179 0.768759 0.150223
3 0.0331067 0.887572 0.0793218
3 0.0534442 0.830156 0.1164
3 0.112936 0.623534 0.26353
3 0.0194218 0.907634 0.0729447
3 0.00914429 0.814678 0.176177
3 0.00706224 0.698344 0.294594
3 0.00885378 0.671074 0.320072
3 0.0325661 0.841788 0.125646
3 0.0304024 0.853466 0.116132
3 0.0537847 0.855877 0.090338
3 0.0854015 0.865884 0.048715
3 0.0549987 0.843258 0.101743
3 0.035672 0.921539 0.0427892
3 0.00762784 0.914756 0.0776159
3 0.0375591 0.681099 0.281342
3 0.0546704 0.80533 0.14
3 0.00808719 0.639444 0.352468
3 0.0298589 0.940852 0.0292895
3 0.0245048 0.959488 0.0160068
3 0.0454874 0.916953 0.0375599
3 0.0253838 0.95428 0.0203358
3 0.0858785 0.872051 0.0420706
3 0.0233877 0.908217 0.0683949
3 0.0438408 0.752365 0.203794
3 0.0470302 0.927613 0.0253564
3 0.0543556 0.878394 0.0672509
3 0.00532138 0.862639 0.13204
3 0.0608366 0.778474 0.160689
3 0.0592324 0.886458 0.0543101
3 0.0487972 0.920866 0.0303371
3 0.0361484 0.914445 0.0494061
3 0.00880949 0.975472 0.0157181
3 0.0255148 0.955375 0.0191105
3 0.0332116 0.913525 0.0532634
3 0.151685 0.696411 0.151903
3 0.0533815 0.906324 0.0402945
3 0.0291737 0.785776 0.185051
3 0.0114277 0.927148 0.0614243
3 0.0293784 0.901647 0.0689741
3 0.0178055 0.906564 0.0756305
3 0.0273991 0.831458 0.141143
3 0.0245335 0.952427 0.0230394
3 0.0138973 0.825375 0.160728
3 0.0387445 0.826333 0.134923
3 0.00519221 0.704468 0.290339
3 0.0271765 0.830434 0.14239
3 0.0239367 0.9152 0.0608637
3 0.0227203 0.84067 0.13661
3 0.0484981 0.906504 0.0449976
3 0.0212123 0.854922 0.123866
3 0.0611024 0.871932 0.066966
3 0.0286974 0.946651 0.0246515
3 0.112006 0.833781 0.0542126
3 0.0287997 0.864813 0.106387
3 0.0192431 0.900353 0.0804039
3 0.0333543 0.934058 0.0325873
3 0.043073 0.874379 0.0825483
3 0.239095 0.490476 0.270428
3 0.00815862 0.957006 0.0348354
3 0.0143673 0.860613 0.125019
3 0.0183592 0.960691 0.0209494
3 0.0573295 0.888486 0.0541845
3 0.0415829 0.87473 0.0836871
3 0.0574097 0.889205 0.0533858
3 0.0546333 0.87675 0.0686164
3 0.0427421 0.840571 0.116687
3 0.00847071 0.727067 0.264462
3 0.0230119 0.80605 0.170938
3 0.0409233 0.900745 0.0583315
3 0.0633318 0.870036 0.0666323
3 0.034775 0.82842 0.136805
3 0.1193 0.807427 0.0732731
3 0.0499858 0.904824 0.0451904
3 0.0239367 0.9152 0.0608637
3 0.0366414 0.863361 0.0999973
3 0.0997254 0.839851 0.0604238
3 0.0122675 0.705383 0.282349
3 0.00907156 0.913802 0.0771266
3 0.0304496 0.833466 0.136085
3 0.0149672 0.910082 0.0749507
3 0.0256417 0.921045 0.053313
3 0.0977105 0.809314 0.0929753
3 0.00791421 0.963374 0.028712
3 0.0326329 0.93905 0.0283173
3 0.0284589 0.848605 0.122936
3 0.0667358 0.817352 0.115912
3 0.0201594 0.744093 0.235748
3 0.0639006 0.800389 0.135711
3 0.0264502 0.842874 0.130676
3 0.0396565 0.857995 0.102349
3 0.049713 0.773606 0.176681
3 0.0345011 0.9009 0.0645985
3 0.00747897 0.964179 0.0283425
3 0.0128679 0.948586 0.0385464
3 0.0448008 0.911739 0.0434606
3 0.0225619 0.896281 0.0811575
3 0.0125093 0.962583 0.0249074
3 0.0942967 0.849796 0.0559073
3 0.0401585 0.909496 0.0503458
3 0.00801366 0.948776 0.0432103
3 0.0197436 0.806161 0.174095
3 0.00890664 0.949829 0.0412647
3 0.0475959 0.91637 0.0360339
3 0.0166464 0.822619 0.160735
3 0.0253851 0.855731 0.118884
3 0.020367 0.78948 0.190153
3 0.0309075 0.886035 0.083057
3 0.0598989 0.80369 0.136411
3 0.0984111 0.8154 0.0861893
3 0.0373371 0.891523 0.0711403
3 0.0119277 0.765656 0.222416
3 0.0284218 0.897247 0.0743314
3 0.0430529 0.758496 0.198451
3 0.0294096 0.937929 0.0326613
3 0.0320158 0.909417 0.0585676
3 0.0320158 0.909417 0.0585676
3 0.0575051 0.844157 0.0983379
3 0.0415642 0.92499 0.033446
3 0.0280667 0.953021 0.0189122
3 0.0446146 0.805046 0.150339
3 0.0340642 0.840632 0.125304
3 0.0117804 0.910122 0.0780978
3 0.0172644 0.531135 0.4516
3 0.0187696 0.945445 0.0357849
3 0.0145276 0.959594 0.0258781
3 0.00688388 0.9176 0.0755163
3 0.0292127 0.917461 0.0533259
3 0.0110532 0.972844 0.0161033
3 0.0250246 0.952227 0.0227485
3 0.0107329 0.903155 0.0861118
3 0.016501 0.85502 0.128479
3 0.026429 0.921147 0.0524242
3 0.0090411 0.874204 0.116755
3 0.0424471 0.881991 0.075562
3 0.0115048 0.818126 0.17037
3 0.0136271 0.86797 0.118403
3 0.0153898 0.946447 0.038163
3 0.0175963 0.924592 0.0578118
3 0.0786125 0.834319 0.0870685
3 0.0345633 0.765471 0.199966
3 0.0499365 0.883675 0.0663888
3 0.0151667 0.966452 0.018381
3 0.0251507 0.938154 0.0366956
3 0.0243302 0.906245 0.0694253
3 0.0324978 0.936309 0.0311934
3 0.0523685 0.936758 0.010874
3 0.0278397 0.862128 0.110033
3 0.0303884 0.921907 0.0477041
3 0.0761031 0.775746 0.148151
3 0.0603658 0.903377 0.0362575
3 0.0204792 0.957235 0.0222857
3 0.00699912 0.936259 0.056742
3 0.0206517 0.937735 0.0416131
3 0.0168705 0.918495 0.0646346
3 0.0184141 0.923498 0.0580875
3 0.0295899 0.896061 0.0743491
3 0.024067 0.955844 0.020089
3 0.0157406 0.792552 0.191707
3 0.0298958 0.893071 0.0770336
3 0.0614709 0.878612 0.0599167
3 0.0284277 0.78363 0.187943
3 0.0425144 0.906924 0.0505612
3 0.0509689 0.837597 0.111435
3 0.0132807 0.935621 0.0510987
3 0.023626 0.949567 0.0268068
3 0.0268781 0.884413 0.0887088
3 0.0451684 0.855826 0.099006
3 0.010988 0.872789 0.116223
3 0.0153822 0.712676 0.271942
3 0.0731022 0.779081 0.147817
3 0.0326499 0.883269 0.0840807
3 0.0754642 0.891629 0.0329067
3 0.0361581 0.904815 0.0590267
3 0.0354465 0.91179 0.052763
3 0.0534578 0.772749 0.173793
3 0.00935968 0.918023 0.0726177
3 0.0328013 0.919665 0.047534
3 0.064463 0.804841 0.130696
3 0.0592701 0.784977 0.155753
3 0.0137266 0.891405 0.0948683
3 0.0179166 0.848016 0.134067
3 0.0135684 0.847311 0.13912
3 0.0373505 0.930408 0.0322416
3 0.0359549 0.895144 0.0689007
3 0.0101103 0.682631 0.307258
3 0.0273353 0.782352 0.190313
3 0.0230392 0.921513 0.0554475
3 0.03437 0.766856 0.198773
3 0.0748158 0.884727 0.040457
3 0.0137454 0.934408 0.0518471
3 0.029737 0.899285 0.0709778
3 0.0682104 0.891585 0.0402044
3 0.00691402 0.912075 0.0810105
3 0.0297936 0.929674 0.040532
3 0.0115305 0.816127 0.172342
3 0.0279367 0.952471 0.0195919
3 0.0839607 0.853736 0.0623033
3 0.0180465 0.963278 0.018675
3 0.0296539 0.858136 0.11221
3 0.00767467 0.826151 0.166175
3 0.00819466 0.96171 0.0300953
3 0.0680778 0.885268 0.0466544
3 0.246324 0.719334 0.0343414
3 0.0455956 0.915887 0.0385178
3 0.0503106 0.895171 0.0545186
3 0.0148088 0.807103 0.178088
3 0.0196494 0.801611 0.17874
3 0.0489188 0.923279 0.0278026
3 0.0602322 0.880528 0.0592398
3 0.039671 0.925045 0.0352837
3 0.0200532 0.923678 0.0562688
3 0.0519216 0.86395 0.0841281
3 0.0142964 0.82795 0.157753
3 0.0448338 0.851416 0.10375
3 0.0131882 0.702309 0.284503
3 0.0264249 0.847915 0.12566
1 0.100012 0.0628287 0.837159
1 0.0062761 0.0358358 0.957888
1 0.004685 0.414506 0.580809
1 0.00651326 0.00373006 0.989757
3 0.024653 0.677468 0.297879
1 0.0681751 0.0162298 0.915595
1 0.1223 0.00868281 0.869017
1 0.0394998 0.271563 0.688937
1 0.0117169 0.0738571 0.914426
3 0.0999672 0.605215 0.294818
1 0.165111 0.288399 0.54649
3 0.0132742 0.699325 0.287401
1 0.0540447 0.333132 0.612823
3 0.0516227 0.618756 0.329621
1 0.116341 0.20672 0.676939
1 0.0566278 0.197785 0.745587
1 0.0188652 0.194858 0.786277
1 0.14931 0.0509725 0.799718
1 0.0287613 0.0111908 0.960048
1 0.0530877 0.457695 0.489217
1 0.0260888 0.00560296 0.968308
1 0.0981706 0.389345 0.512484
1 0.0258081 0.0558777 0.918314
1 0.0696664 0.0843799 0.845954
1 0.0810609 0.109901 0.809038
1 0.0358143 0.00486763 0.959318
1 0.0568825 0.159503 0.783615
1 0.220746 0.179531 0.599723
1 0.0692422 0.25594 0.674818
1 0.0278698 0.0605538 0.911576
1 0.0322379 0.0719039 0.895858
3 0.0485687 0.818423 0.133008
3 0.0771588 0.818731 0.104111
2 0.788534 0.0114755 0.19999
3 0.210096 0.646725 0.143179
2 0.847563 0.114542 0.0378952
2 0.685153 0.094006 0.220841
3 0.401868 0.422463 0.175669
3 0.294606 0.64033 0.0650632
3 0.0381675 0.786592 0.175241
3 0.0502552 0.782772 0.166973
3 0.13884 0.641401 0.219759
3 0.0731268 0.865153 0.0617206
3 0.169199 0.781673 0.0491281
3 0.105773 0.773396 0.120831
3 0.0960063 0.894413 0.00958118
2 0.952667 0.00794284 0.0393898
1 0.313634 0.154065 0.5323
1 0.0897943 0.198715 0.711491
3 0.125813 0.445768 0.428419
3 0.412084 0.537883 0.0500323
2 0.707033 0.0379234 0.255043
3 0.3456 0.559442 0.0949579
1 0.164946 0.113241 0.721813
3 0.102078 0.688246 0.209676
1 0.462624 0.0728066 0.464569
2 0.967704 0.0191508 0.013145
3 0.0726713 0.68382 0.243509
2 0.465609 0.120198 0.414194
3 0.0838091 0.697395 0.218796
1 0.335692 0.115849 0.548459
3 0.13748 0.640945 0.221575
3 0.368115 0.466027 0.165858
3 0.166124 0.626598 0.207278
2 0.914684 0.0257767 0.0595393
3 0.10506 0.731255 0.163686
2 0.926617 0.00963685 0.0637465
1 0.126706 0.234119 0.639176
3 0.113373 0.789225 0.0974026
2 0.517142 0.309349 0.173509
2 0.49915 0.0932598 0.40759
3 0.358403 0.592664 0.0489333
2 0.814176 0.00929277 0.176531
2 0.432952 0.221605 0.345443
2 0.44748 0.299645 0.252876
3 0.13932 0.661573 0.199107
3 0.400648 0.448796 0.150555
1 0.238743 0.0544049 0.706852
3 0.139555 0.745859 0.114586
2 0.69632 0.0564225 0.247257
1 0.195669 0.12947 0.674861
1 0.140319 0.0431259 0.816555
3 0.163126 0.573318 0.263556
2 0.975303 0.0128689 0.0118279
2 0.717342 0.0628506 0.219808
3 0.31624 0.447247 0.236513
2 0.85867 0.054826 0.0865039
2 0.620311 0.0133609 0.366328
1 0.318426 0.251743 0.429831
3 0.271893 0.598075 0.130032
3 0.157042 0.621612 0.221346
3 0.255089 0.560367 0.184543
1 0.265276 0.114004 0.62072
2 0.569986 0.00724323 0.422771
3 0.120177 0.606078 0.273745
2 0.946086 0.0277784 0.0261357
2 0.847024 0.0065741 0.146401
2 0.910229 0.00317049 0.0866
3 0.147927 0.698461 0.153613
2 0.456304 0.181165 0.362532
2 0.632296 0.0808414 0.286863
2 0.655817 0.247158 0.0970248
2 0.418665 0.347958 0.233377
3 0.181172 0.435719 0.383109
3 0.286826 0.592015 0.121159
1 0.157896 0.0869386 0.755165
1 0.349896 0.150553 0.499552
3 0.339341 0.3578 0.30286
3 0.251909 0.611414 0.136677
2 0.891034 0.0434661 0.0655002
1 0.152611 0.325879 0.52151
1 0.233617 0.327162 0.439221
1 0.435428 0.00755881 0.557013
2 0.500937 0.0886745 0.410388
3 0.106917 0.866808 0.0262754
3 0.0641797 0.745257 0.190563
2 0.768295 0.0881526 0.143553
1 0.20333 0.222183 0.574487
3 0.188927 0.677122 0.133951
3 0.0809647 0.776017 0.143019
3 0.206228 0.624943 0.16883
3 0.237137 0.722119 0.0407441
3 0.0787183 0.551555 0.369727
2 0.480701 0.194071 0.325228
3 0.0402904 0.828356 0.131354
2 0.540368 0.353621 0.106011
1 0.247323 0.225852 0.526825
3 0.334923 0.60479 0.0602874
3 0.0427146 0.854681 0.102605
2 0.620813 0.0800416 0.299145
3 0.0207983 0.821831 0.157371
2 0.603433 0.0383726 0.358194
3 0.176249 0.747072 0.0766786
3 0.0440608 0.776 0.179939
3 0.0440608 0.776 0.179939
3 0.0904568 0.873296 0.0362473
3 0.118521 0.813888 0.0675919
1 0.119799 0.416267 0.463934
3 0.118564 0.816636 0.0648002
2 0.50789 0.133139 0.358971
3 0.266212 0.679357 0.0544308
2 0.69639 0.243976 0.0596345
3 0.107667 0.657265 0.235068
2 0.845471 0.0785984 0.0759311
3 0.0425487 0.483011 0.47444
3 0.152717 0.790465 0.0568183
3 0.0588785 0.831451 0.109671
3 0.0130397 0.947974 0.0389867
1 0.0309642 0.465733 0.503303
3 0.0485466 0.838706 0.112747
2 0.576537 0.180239 0.243225
3 0.295987 0.469501 0.234513
3 0.0162171 0.912359 0.0714243
1 0.159306 0.176931 0.663762
3 0.0643309 0.811191 0.124478
3 0.0450502 0.791337 0.163612
3 0.0763708 0.488505 0.435124
3 0.430299 0.452277 0.117424
2 0.666666 0.306579 0.0267549
3 0.208406 0.485613 0.305981
1 0.210114 0.288207 0.501679
3 0.225993 0.641834 0.132173
3 0.0184235 0.915935 0.065642
3 0.0621706 0.80487 0.13296
3 0.0176551 0.780787 0.201558
3 0.0210019 0.7696 0.209398
3 0.247022 0.665162 0.087816
3 0.0829165 0.674858 0.242226
3 0.0439399 0.86348 0.0925799
3 0.0668978 0.763529 0.169573
1 0.378848 0.240646 0.380506
3 0.0279272 0.917027 0.055046
3 0.0294692 0.918101 0.0524298
3 0.0481838 0.671254 0.280562
3 0.0272363 0.574043 0.39872
1 0.225327 0.036787 0.737886
2 0.43624 0.435143 0.128617
3 0.0878866 0.842216 0.0698971
3 0.0150832 0.953052 0.0318644
3 0.290564 0.604993 0.104442
3 0.0623608 0.875811 0.0618278
3 0.0343628 0.916793 0.0488443
3 0.0445839 0.85391 0.101506
3 0.0569664 0.777886 0.165147
3 0.227617 0.630712 0.141671
3 0.374959 0.379417 0.245624
3 0.0709168 0.800604 0.12848
3 0.289997 0.510336 0.199667
3 0.289997 0.510336 0.199667
3 0.296818 0.562163 0.141018
1 0.0947499 0.441182 0.464068
1 0.400898 0.115997 0.483105
2 0.973847 0.0161239 0.0100293
3 0.0235106 0.960665 0.0158246
3 0.0795287 0.760796 0.159676
3 0.0487019 0.831046 0.120252
1 0.283405 0.170072 0.546523
3 0.129705 0.759011 0.111284
1 0.134799 0.208721 0.65648
3 0.0450718 0.947423 0.00750533
3 0.00995027 0.891242 0.0988081
2 0.828933 0.0544002 0.116667
3 0.0345787 0.900224 0.0651972
3 0.0133384 0.940373 0.0462884
1 0.246292 0.0441788 0.70953
3 0.0267608 0.85085 0.122389
3 0.0602372 0.876594 0.0631686
3 0.0673064 0.850082 0.0826113
3 0.0104352 0.963623 0.0259422
3 0.0225183 0.513091 0.464391
3 0.135622 0.472974 0.391403
1 0.112541 0.127778 0.75968
3 0.347401 0.455975 0.196624
3 0.0412775 0.871163 0.0875592
1 0.271753 0.0926114 0.635636
3 0.0469202 0.746782 0.206298
3 0.218007 0.59484 0.187153
3 0.176185 0.740314 0.0835013
3 0.0464356 0.691563 0.262001
3 0.0260748 0.849664 0.124261
2 0.643098 0.245603 0.1113
1 0.2318 0.261846 0.506354
2 0.390417 0.318552 0.291031
2 0.553661 0.363207 0.0831321
3 0.105976 0.781075 0.11295
3 0.0382171 0.855926 0.105857
3 0.157277 0.655471 0.187252
3 0.0389322 0.760987 0.200081
2 0.387651 0.328649 0.2837
1 0.0805048 0.395888 0.523608
3 0.0685213 0.765498 0.16598
1 0.12722 0.119214 0.753566
1 0.0583321 0.0133513 0.928317
1 0.129922 0.206317 0.663761
1 0.115209 0.181666 0.703125
1 0.0128353 0.017555 0.96961
3 0.191744 0.525744 0.282512
1 0.0651522 0.124389 0.810458
3 0.191133 0.67239 0.136477
1 0.271591 0.098267 0.630142
1 0.0683632 0.159675 0.771962
1 0.14713 0.0231628 0.829707
1 0.14542 0.0183376 0.836242
3 0.0973132 0.569227 0.33346
1 0.344638 0.28045 0.374912
1 0.315918 0.0991115 0.584971
1 0.0461351 0.15122 0.802645
1 0.0658407 0.319509 0.614651
2 0.560813 0.0116489 0.427538
3 0.209437 0.651136 0.139427
3 0.032913 0.714654 0.252433
3 0.0313183 0.831924 0.136758
3 0.0335213 0.670706 0.295773
3 0.0182551 0.79007 0.191675
3 0.128889 0.736611 0.1345
3 0.106211 0.629652 0.264137
2 0.5091 0.119449 0.371451
1 0.201498 0.0465111 0.751991
1 0.0534063 0.284752 0.661842
1 0.0279389 0.16979 0.802271
3 0.0340726 0.896772 0.069155
3 0.0130868 0.643938 0.342975
3 0.0152249 0.761936 0.222839
3 0.0427512 0.488969 0.46828
1 0.285023 0.0485797 0.666397
3 0.036531 0.617657 0.345812
3 0.0465392 0.735212 0.218249
2 0.361207 0.280951 0.357843
2 0.457953 0.323987 0.21806
3 0.0255135 0.805319 0.169168
3 0.0151095 0.564521 0.42037
3 0.0254825 0.868178 0.10634
1 0.0664774 0.0624255 0.871097
1 0.0122844 0.00351128 0.984204
3 0.0178555 0.649627 0.332518
3 0.138491 0.47625 0.385259
1 0.218886 0.0970767 0.684037
3 0.0370504 0.719407 0.243542
3 0.0349413 0.653356 0.311703
3 0.293405 0.443889 0.262706
1 0.229548 0.0584896 0.711963
3 0.264235 0.4015 0.334266
1 0.0635728 0.111105 0.825322
1 0.162262 0.028764 0.808974
3 0.141363 0.639098 0.219539
1 0.261002 0.0683493 0.670649
3 0.114049 0.550811 0.33514
1 0.0916681 0.180358 0.727973
1 0.22521 0.0225736 0.752217
1 0.0267796 0.117355 0.855865
1 0.265832 0.057623 0.676545
1 0.00212682 0.395835 0.602038
1 0.366214 0.120549 0.513237
3 0.0637187 0.703934 0.232347
3 0.0843197 0.806376 0.109304
3 0.0731657 0.792613 0.134221
1 0.138486 0.172455 0.689059
3 0.130653 0.471837 0.39751
1 0.0717234 0.0532457 0.875031
1 0.0831354 0.0647668 0.852098
1 0.123125 0.147106 0.729769
3 0.0513694 0.656424 0.292206
1 0.0751136 0.234687 0.690199
1 0.0360068 0.15222 0.811773
3 0.0628733 0.789146 0.14798
1 0.0356757 0.0198836 0.944441
1 0.173574 0.229583 0.596843
1 0.0784231 0.227128 0.694449
3 0.184558 0.638851 0.176591
1 0.147303 0.0917075 0.76099
1 0.0566844 0.368469 0.574846
3 0.0193255 0.615409 0.365266
2 0.775961 0.13978 0.084259
2 0.763047 0.0205025 0.21645
3 0.0816339 0.809698 0.108668
3 0.0201647 0.643223 0.336612
1 0.0632759 0.133391 0.803333
1 0.147363 0.161837 0.6908
3 0.0275465 0.775088 0.197366
1 0.0902304 0.121289 0.788481
2 0.610978 0.0701623 0.31886
1 0.11992 0.40296 0.477121
3 0.0528791 0.644953 0.302168
1 0.0214638 0.056014 0.922522
1 0.2883 0.352693 0.359007
1 0.271909 0.0473785 0.680713
2 0.963528 0.0265637 0.00990833
3 0.0657782 0.869999 0.0642226
3 0.190225 0.532634 0.277141
1 0.0442615 0.184414 0.771324
2 0.368966 0.340194 0.290841
3 0.0890036 0.816222 0.0947744
3 0.0417585 0.862567 0.0956746
2 0.439931 0.156366 0.403702
3 0.0292393 0.828428 0.142333
3 0.284016 0.451661 0.264322
1 0.217543 0.142321 0.640136
1 0.367897 0.223342 0.408761
2 0.569975 0.287326 0.142699
3 0.0400981 0.750447 0.209455
3 0.106337 0.87194 0.0217229
1 0.0629481 0.0988855 0.838166
3 0.285608 0.509031 0.205361
3 0.317121 0.434118 0.248761
3 0.165766 0.490125 0.344109
1 0.121933 0.00167229 0.876395
2 0.80136 0.0667629 0.131877
2 0.867352 0.058199 0.0744487
1 0.0982313 0.161555 0.740214
2 0.556756 0.42673 0.016514
3 0.0972061 0.780394 0.1224
1 0.134237 0.164575 0.701187
2 0.787123 0.0105894 0.202288
3 0.135889 0.750689 0.113423
2 0.635457 0.250409 0.114134
3 0.100255 0.545047 0.354698
1 0.367356 0.19455 0.438094
2 0.860436 0.0288944 0.11067
3 0.29362 0.429667 0.276713
2 0.428194 0.401674 0.170133
1 0.155586 0.068585 0.775829
2 0.86003 0.0801879 0.0597824
1 0.0993893 0.0488206 0.85179
2 0.396508 0.296996 0.306496
1 0.140998 0.0872392 0.771763
2 0.544899 0.300144 0.154957
3 0.0312749 0.648749 0.319976
3 0.0227156 0.830716 0.146568
3 0.27654 0.454659 0.268801
3 0.0344813 0.86176 0.103758
3 0.234078 0.443164 0.322758
3 0.0951401 0.689412 0.215448
1 0.0815477 0.338154 0.580298
1 0.198127 0.176195 0.625678
3 0.0807999 0.695613 0.223587
2 0.450075 0.441383 0.108542
3 0.259673 0.568671 0.171656
3 0.0745925 0.650326 0.275082
1 0.12127 0.0899284 0.788802
1 0.0440959 0.130237 0.825668
1 0.0291439 0.131369 0.839487
3 0.0682302 0.859995 0.071775
3 0.321653 0.362914 0.315434
3 0.1359 0.796186 0.067914
3 0.246141 0.494201 0.259658
2 0.55794 0.267344 0.174715
2 0.592805 0.166088 0.241107
3 0.0248903 0.943286 0.0318233
3 0.0199669 0.952339 0.0276943
3 0.0840645 0.88188 0.034055
3 0.0471504 0.734525 0.218325
2 0.513505 0.233615 0.252879
3 0.0356042 0.882608 0.0817882
3 0.0611456 0.790715 0.14814
3 0.0434043 0.741688 0.214908
3 0.344858 0.346717 0.308425
3 0.273418 0.634057 0.0925254
1 0.103911 0.0465266 0.849562
1 0.312007 0.11862 0.569372
1 0.269417 0.0720174 0.658566
3 0.177793 0.751122 0.0710846
1 0.243999 0.226667 0.529334
2 0.936441 0.0276625 0.035896
3 0.279367 0.526623 0.19401
3 0.0354076 0.83989 0.124703
3 0.118699 0.852997 0.0283036
3 0.0485316 0.745361 0.206108
3 0.16009 0.542073 0.297837
3 0.106779 0.721832 0.171389
2 0.93074 0.0603736 0.00888652
1 0.0674127 0.0167686 0.915819
3 0.106077 0.695638 0.198285
3 0.322897 0.41947 0.257633
1 0.0582822 0.265584 0.676133
3 0.164845 0.64335 0.191805
1 0.0650141 0.0331406 0.901845
3 0.0397707 0.81676 0.14347
1 0.100694 0.189972 0.709334
3 0.178377 0.688582 0.133041
3 0.0427911 0.74052 0.216689
3 0.193373 0.6271 0.179527
3 0.0955148 0.808765 0.0957201
1 0.315775 0.237094 0.447131
1 0.0438906 0.0518906 0.904219
3 0.0529565 0.6358 0.311243
3 0.0529565 0.6358 0.311243
1 0.292168 0.140394 0.567438
3 0.0354432 0.857503 0.107054
3 0.17606 0.677054 0.146887
3 0.0453819 0.777648 0.17697
3 0.0563268 0.535346 0.408328
3 0.0152032 0.95651 0.0282871
3 0.19444 0.742286 0.0632738
3 0.0257432 0.889804 0.0844528
2 0.69375 0.141017 0.165233
3 0.0323156 0.589967 0.377718
1 0.215085 0.1012 0.683715
3 0.0280615 0.933722 0.0382166
3 0.0189678 0.871877 0.109155
2 0.586953 0.234973 0.178074
3 0.115447 0.856453 0.0281004
3 0.167699 0.743953 0.0883477
1 0.177598 0.323714 0.498689
3 0.0129799 0.916693 0.0703267
3 0.170103 0.652274 0.177623
1 0.228848 0.0329859 0.738166
2 0.685182 0.167303 0.147514
1 0.0318845 0.0376662 0.930449
1 0.121615 0.0750853 0.8033
1 0.412776 0.0153127 0.571911
1 0.028635 0.0977189 0.873646
1 0.0407092 0.143027 0.816264
3 0.126373 0.607806 0.265821
1 0.409392 0.118703 0.471904
1 0.409392 0.118703 0.471904
1 0.029479 0.0868342 0.883687
1 0.025741 0.100248 0.874011
1 0.135681 0.395123 0.469195
1 0.142361 0.108981 0.748658
3 0.194951 0.523544 0.281504
2 0.637764 0.0135334 0.348702
1 0.214763 0.179782 0.605455
1 0.0892976 0.338904 0.571798
1 0.0192569 0.00150141 0.979242
1 0.0991781 0.00691899 0.893903
1 0.254077 0.0621212 0.683801
2 0.816021 0.004215 0.179764
1 0.111195 0.0277644 0.86104
1 0.0503914 0.141208 0.8084
1 0.188841 0.126267 0.684891
1 0.13914 0.122812 0.738048
3 0.0763362 0.715214 0.20845
3 0.168975 0.589453 0.241572
1 0.0451412 0.328883 0.625976
1 0.00809132 0.00479983 0.987109
1 0.366317 0.140759 0.492924
1 0.0536713 0.0172654 0.929063
3 0.0527205 0.757902 0.189377
3 0.180654 0.453422 0.365923
1 0.166674 0.0126201 0.820706
1 0.386698 0.194062 0.41924
1 0.0187027 0.473117 0.50818
3 0.0842846 0.487087 0.428629
3 0.176142 0.564748 0.259109
3 0.00849242 0.530654 0.460853
1 0.180582 0.0554368 0.763981
1 0.141369 0.406535 0.452096
3 0.027133 0.539731 0.433136
1 0.360325 0.105492 0.534183
1 0.041184 0.00666439 0.952152
1 0.104317 0.188904 0.706779
1 0.0794724 0.371513 0.549015
1 0.0429267 0.103515 0.853559
1 0.0420523 0.0546453 0.903302
3 0.0319085 0.771978 0.196113
1 0.077396 0.424756 0.497848
1 0.00414099 0.152753 0.843106
1 0.00414099 0.152753 0.843106
1 0.25725 0.151552 0.591198
3 0.0377323 0.579459 0.382809
1 0.286276 0.0548537 0.65887
1 0.429427 0.0764759 0.494097
3 0.302014 0.610083 0.0879023
1 0.0360626 0.0902819 0.873655
3 0.0282611 0.835436 0.136303
1 0.00354211 0.126308 0.87015
1 0.0584608 0.289657 0.651882
1 0.0606943 0.0607529 0.878553
1 0.119821 0.0452487 0.83493
3 0.142982 0.668609 0.18841
1 0.0191139 0.0680105 0.912876
1 0.0335345 0.00439831 0.962067
1 0.0651942 0.0573427 0.877463
1 0.142361 0.108981 0.748658
2 0.461533 0.126773 0.411694
3 0.0517448 0.569135 0.37912
3 0.180554 0.498581 0.320865
1 0.0473338 0.141675 0.810991
1 0.31784 0.329902 0.352258
1 0.0621929 0.013532 0.924275
3 0.0684903 0.759904 0.171605
3 0.0620517 0.496821 0.441128
1 0.277174 0.182079 0.540747
1 0.0674558 0.123207 0.809337
1 0.207247 0.0625873 0.730165
1 0.0982242 0.0548239 0.846952
2 0.589105 0.0284841 0.382411
2 0.733353 0.160872 0.105775
2 0.767751 0.093999 0.13825
1 0.067581 0.110474 0.821945
3 0.0332147 0.877889 0.0888961
1 0.37974 0.116283 0.503977
2 0.548218 0.170145 0.281637
1 0.078842 0.00501917 0.916139
1 0.0902117 0.244142 0.665646
1 0.377317 0.19679 0.425893
1 0.409212 0.146927 0.443862
1 0.163431 0.19834 0.638229
1 0.187773 0.165158 0.647069
2 0.520887 0.0361627 0.44295
1 0.110966 0.228672 0.660362
3 0.0171381 0.839288 0.143574
1 0.25578 0.358239 0.385981
3 0.119455 0.475491 0.405054
1 0.423754 0.0338583 0.542388
3 0.1876 0.4717 0.3407
1 0.299504 0.0334078 0.667089
2 0.592133 0.168833 0.239034
3 0.289769 0.58443 0.125801
2 0.712419 0.191752 0.0958289
2 0.44679 0.280334 0.272875
3 0.179008 0.521135 0.299856
1 0.0609835 0.104332 0.834685
3 0.0309809 0.501399 0.46762
3 0.0130641 0.494682 0.492253
3 0.210877 0.432306 0.356817
3 0.210877 0.432306 0.356817
3 0.0427485 0.593554 0.363698
1 0.0899367 0.137924 0.772139
3 0.0210981 0.812151 0.166751
1 0.195 0.349825 0.455175
2 0.781521 0.181536 0.0369432
3 0.0642592 0.724983 0.210758
3 0.0180658 0.802543 0.179391
3 0.0540253 0.81759 0.128384
3 0.0306306 0.67972 0.289649
3 0.0420337 0.527037 0.43093
3 0.0380807 0.6029 0.35902
3 0.0694326 0.616178 0.31439
1 0.166786 0.0279352 0.805278
3 0.023782 0.798161 0.178057
1 0.0469973 0.380835 0.572168
3 0.0116011 0.811169 0.17723
3 0.0477091 0.782094 0.170197
1 0.109336 0.130848 0.759816
3 0.105157 0.578978 0.315865
1 0.247876 0.0794665 0.672658
3 0.0506198 0.567363 0.382017
3 0.0455293 0.66845 0.286021
3 0.0280986 0.813351 0.15855
3 0.0264117 0.68808 0.285508
1 0.101571 0.194837 0.703592
3 0.0372876 0.835328 0.127384
3 0.107919 0.751289 0.140792
3 0.0278302 0.642344 0.329825
3 0.0355793 0.560955 0.403466
1 0.0439544 0.0836331 0.872412
3 0.0272766 0.7234 0.249323
3 0.0757411 0.669798 0.25446
3 0.107202 0.762268 0.13053
3 0.0519523 0.83283 0.115218
3 0.0545722 0.66612 0.279307
3 0.0262743 0.67917 0.294556
3 0.0639802 0.85016 0.0858603
3 0.0299291 0.871106 0.0989651
3 0.0354675 0.521734 0.442798
1 0.280314 0.206851 0.512835
1 0.0302674 0.484785 0.484947
3 0.0611314 0.668972 0.269896
1 0.0998751 0.348277 0.551848
1 0.0110204 0.227109 0.761871
2 0.505626 0.243189 0.251185
3 0.0763289 0.752073 0.171598
3 0.0363754 0.770176 0.193449
3 0.0729674 0.657561 0.269471
3 0.0162959 0.898922 0.0847825
3 0.0291015 0.699192 0.271706
3 0.0668537 0.63341 0.299737
3 0.0797724 0.681931 0.238296
3 0.0373299 0.723767 0.238903
3 0.0253697 0.738155 0.236475
1 0.00658146 0.390635 0.602784
1 0.0310218 0.139459 0.829519
1 0.0129895 0.441665 0.545345
3 0.0918557 0.512128 0.396016
2 0.386356 0.367427 0.246217
3 0.0178719 0.567607 0.414521
3 0.0752501 0.637647 0.287103
1 0.269523 0.190988 0.539489
3 0.0257636 0.720041 0.254196
3 0.018594 0.905149 0.0762569
3 0.0245 0.948669 0.026831
3 0.0161269 0.937924 0.0459496
3 0.0617744 0.577954 0.360272
3 0.0101912 0.587179 0.40263
3 0.0452332 0.876752 0.0780146
3 0.0168588 0.934633 0.0485077
3 0.011737 0.834185 0.154078
3 0.0281544 0.918721 0.0531246
3 0.0440456 0.923954 0.0320004
3 0.0534911 0.884374 0.0621345
3 0.0591183 0.811666 0.129216
3 0.0248593 0.914464 0.0606767
3 0.0101143 0.960149 0.0297366
3 0.0414899 0.866933 0.0915772
3 0.0392229 0.917643 0.0431336
3 0.0223887 0.936926 0.0406849
3 0.0265675 0.852778 0.120654
3 0.0236338 0.800625 0.175741
3 0.044233 0.917089 0.0386781
3 0.0375858 0.891923 0.0704913
3 0.0232554 0.830475 0.146269
3 0.0161184 0.90658 0.0773016
3 0.0123295 0.881663 0.106007
3 0.00271395 0.956824 0.0404623
3 0.0359982 0.898648 0.0653541
3 0.0277323 0.889981 0.0822869
3 0.0267483 0.940849 0.0324032
3 0.0399193 0.946736 0.0133447
3 0.0150232 0.913135 0.0718422
3 0.0204161 0.958452 0.0211314
3 0.00689834 0.94221 0.050892
3 0.0580966 0.912279 0.0296247
3 0.0373166 0.940474 0.0222098
3 0.0284571 0.841365 0.130178
3 0.0553533 0.885766 0.0588803
3 0.0484436 0.858605 0.0929514
3 0.0463934 0.911813 0.0417938
3 0.0386601 0.769697 0.191643
3 0.0181949 0.781125 0.20068
3 0.0891647 0.731958 0.178877
3 0.046352 0.862107 0.0915409
3 0.0340976 0.940739 0.0251638
3 0.00693431 0.947118 0.0459481
3 0.058915 0.9099 0.0311853
3 0.0390459 0.780879 0.180075
3 0.099816 0.851477 0.0487067
3 0.0461428 0.927127 0.0267297
3 0.0125008 0.899025 0.0884743
3 0.0348161 0.87979 0.0853937
3 0.0320158 0.909417 0.0585676
3 0.0195134 0.815491 0.164996
3 0.0137447 0.588647 0.397608
3 0.0179637 0.9524 0.0296365
2 0.804767 0.0573843 0.137849
1 0.00487137 0.449544 0.545584
1 0.117484 0.286569 0.595948
2 0.535789 0.171002 0.293209
1 0.0129895 0.441665 0.545345
1 0.0440682 0.0509609 0.904971
3 0.0510972 0.78689 0.162012
1 0.0403314 0.00117302 0.958496
1 0.0909895 0.141014 0.767997
1 0.107916 0.00302281 0.889061
3 0.0779903 0.723254 0.198755
1 0.0840948 0.396806 0.519099
1 0.0424963 0.024493 0.933011
1 0.0269261 0.166594 0.80648
1 0.0394767 0.381168 0.579355
1 0.0463469 0.0487598 0.904893
1 0.0987055 0.0327539 0.868541
1 0.0778505 0.136149 0.786
3 0.182507 0.469459 0.348033
1 0.016083 0.440298 0.543619
3 0.0336536 0.739782 0.226564
1 0.400707 0.125668 0.473625
1 0.0343087 0.370316 0.595376
1 0.0322453 0.00382896 0.963926
1 0.117572 0.149943 0.732485
3 0.0220898 0.593054 0.384856
3 0.0434165 0.735331 0.221253
3 0.0366957 0.824705 0.1386
1 0.00698002 0.287046 0.705974
1 0.0394835 0.00499528 0.955521
3 0.133498 0.749677 0.116826
1 0.0349319 0.426695 0.538373
3 0.0382535 0.5602 0.401546
1 0.0682861 0.13598 0.795734
3 0.0314316 0.647863 0.320706
3 0.0503095 0.520923 0.428768
1 0.0407478 0.327558 0.631694
1 0.0790984 0.217524 0.703378
3 0.0336473 0.694803 0.27155
1 0.0376785 0.293204 0.669117
3 0.0348549 0.717973 0.247173
3 0.0498363 0.695768 0.254396
1 0.186876 0.19965 0.613475
3 0.0559704 0.625882 0.318148
1 0.0067561 0.159129 0.834115
1 0.0202112 0.253535 0.726254
